100
2 3 11 18 9 36 28 26 35 18 14 13 38 13 24 38 6 18 21 12 16 5 17 13 46 25 45 6 23 14 49 11 2 49 11 13 34 42 17 45 30 3 15 49 37 10 1 7 28 7 33 47 44 20 15 15 17 33 12 43 18 8 18 29 26 2 20 39 19 43 6 12 23 28 39 35 24 27 2 12 39 35 42 37 13 11 45 43 37 5 14 35 20 47 29 39 2 45 40 18 
10 43 38 15 30 46 21 5 26 43 11 16 30 37 46 31 39 4 13 9 9 35 13 38 41 41 22 48 10 32 28 19 47 17 23 35 20 31 0 6 2 34 48 10 14 14 30 27 19 16 49 31 41 34 24 37 2 38 24 16 24 4 48 45 35 11 13 21 48 45 18 44 46 31 29 17 8 42 44 34 43 38 42 48 1 16 24 41 25 7 7 13 5 3 8 11 40 35 36 34 
36 42 9 23 37 37 41 43 46 15 12 27 13 32 39 32 28 13 31 12 9 9 38 38 4 22 16 37 47 48 11 10 24 11 32 23 0 5 9 6 36 39 2 14 36 18 43 32 11 14 20 29 48 42 45 11 8 47 13 44 45 39 25 16 33 46 42 5 12 28 8 10 3 44 35 10 14 20 31 44 14 22 18 18 1 45 9 26 13 33 20 21 12 23 45 45 34 6 48 28 
21 22 33 31 36 3 39 16 17 45 26 23 40 35 12 3 11 0 37 13 3 7 9 29 26 6 21 6 45 15 21 38 24 38 15 14 12 13 31 19 6 23 10 24 19 15 44 37 33 43 2 35 12 6 6 33 13 16 32 46 47 24 12 14 17 22 17 23 2 4 3 0 40 25 40 18 6 16 8 14 22 33 16 42 37 18 40 40 18 4 15 22 5 11 42 22 44 48 38 33 
26 22 12 16 0 6 27 31 2 44 29 33 42 40 45 28 42 20 48 41 38 28 17 3 30 28 13 36 13 12 19 24 30 42 32 1 46 29 5 8 8 45 43 19 33 30 8 46 41 22 16 2 13 3 44 33 11 6 42 4 9 27 8 40 20 27 10 36 36 24 2 26 23 11 35 28 0 38 5 40 11 47 47 39 20 4 48 13 20 20 14 11 10 18 42 28 27 10 47 16 
7 9 12 1 17 25 15 32 12 37 26 30 7 16 17 16 10 46 24 32 21 44 14 5 13 42 31 39 0 36 37 38 36 32 26 33 5 37 27 2 45 44 36 4 5 2 29 38 32 40 28 25 41 34 39 13 27 43 36 42 9 30 17 43 43 49 16 32 25 15 30 37 48 8 36 16 22 3 46 15 34 12 41 21 16 28 38 5 47 46 36 10 28 45 14 25 20 37 2 44 
23 15 28 40 1 14 40 47 37 14 17 0 30 6 36 38 4 12 15 7 13 44 13 16 9 48 28 9 23 25 17 7 7 7 43 39 42 38 14 8 29 7 15 18 2 15 28 8 18 23 4 49 17 12 42 38 12 41 20 49 28 42 22 15 26 48 36 9 3 1 3 20 4 41 19 44 20 7 33 2 39 37 25 11 43 4 20 10 24 3 25 0 14 32 41 20 5 47 44 31 
46 13 25 2 2 7 15 14 46 15 21 4 31 30 6 16 18 10 35 28 41 15 18 47 27 11 0 28 7 2 8 47 23 44 11 10 37 26 10 8 21 44 7 30 33 1 21 42 26 5 27 9 47 39 13 7 3 30 10 29 26 38 29 20 25 41 14 33 29 12 48 25 29 21 17 30 30 24 11 11 20 29 1 5 30 23 1 0 3 5 43 41 17 32 25 7 18 3 17 27 
17 8 38 16 44 19 32 11 47 9 44 9 31 25 46 39 49 35 34 1 6 22 27 49 29 7 28 10 2 32 23 34 5 47 43 10 35 27 45 39 44 9 31 49 33 8 8 45 35 19 27 7 7 30 21 31 15 25 43 23 20 3 28 4 7 11 8 30 48 41 9 31 31 37 4 1 43 12 25 5 42 38 41 30 6 24 46 31 42 35 18 38 4 32 42 0 18 37 17 0 
8 45 34 29 11 17 14 48 48 6 21 35 8 0 34 46 46 18 36 3 31 34 36 8 23 48 43 31 1 16 3 35 11 26 46 49 9 12 30 26 49 2 22 17 26 1 12 47 36 27 11 6 2 12 36 2 33 32 45 47 38 31 48 42 42 5 2 24 25 5 28 18 11 48 18 25 49 36 46 30 38 30 42 30 15 45 39 43 41 48 35 29 45 12 17 25 28 33 27 31 
10 3 23 19 22 9 20 42 27 8 10 13 20 12 13 1 39 25 47 16 14 15 40 34 5 33 16 47 30 28 9 10 48 8 36 42 46 21 43 30 41 6 27 7 37 1 16 2 12 44 17 8 47 20 29 5 32 27 1 12 48 35 14 10 21 7 36 24 17 15 23 9 16 47 41 49 37 22 12 19 36 28 17 48 39 12 12 37 41 24 22 36 22 33 36 11 20 41 7 18 
19 44 48 11 10 46 28 8 38 26 32 23 30 42 26 5 0 20 34 29 48 38 36 31 42 0 17 40 20 15 36 15 37 18 25 42 38 15 6 32 42 22 4 43 2 25 37 34 30 38 48 33 17 20 43 32 2 36 1 43 44 4 33 25 17 8 12 31 19 40 12 22 30 18 5 19 0 28 16 49 18 29 4 23 15 13 21 9 8 32 21 46 30 44 33 13 11 16 32 28 
49 7 18 37 6 21 22 7 34 17 13 42 16 29 9 43 9 46 29 15 3 33 41 28 21 20 19 30 15 41 32 7 23 23 24 9 16 14 27 8 44 37 33 37 42 28 35 12 16 44 35 49 21 0 48 15 4 3 27 35 40 25 49 18 12 15 0 25 6 25 9 27 29 15 13 23 4 38 8 40 7 42 13 41 24 9 36 13 28 18 33 26 2 27 36 47 18 28 3 26 
1 2 30 4 38 37 41 31 44 43 30 35 22 9 19 42 16 48 2 0 32 36 30 9 28 7 39 31 47 31 17 6 17 27 20 7 5 43 48 36 13 21 16 3 2 43 15 43 8 3 11 32 16 35 19 26 46 28 21 24 37 8 33 41 46 32 5 16 23 22 45 15 44 0 46 44 39 10 40 14 33 2 25 4 47 8 35 33 45 34 23 5 46 28 15 18 45 47 6 42 
26 30 27 15 31 44 25 46 8 24 49 7 8 4 28 27 13 7 48 15 36 3 2 5 26 32 43 45 41 41 49 22 25 11 15 35 12 19 16 31 31 0 7 3 14 18 15 5 23 4 42 2 15 14 26 23 0 46 24 11 10 17 45 3 22 36 8 44 34 38 28 35 32 17 21 8 3 16 0 44 6 14 13 15 23 28 4 17 20 41 36 32 2 45 30 0 7 34 22 0 
0 12 21 8 40 29 38 26 1 24 13 2 41 34 45 13 21 42 5 20 30 7 15 42 6 26 40 40 17 27 36 48 14 12 4 13 17 44 12 24 49 44 27 15 49 44 35 39 11 7 29 44 11 37 14 37 4 12 49 45 0 9 19 21 13 19 32 19 19 30 48 12 47 23 4 36 20 5 12 18 25 4 17 21 26 36 0 42 24 10 40 44 27 20 45 14 21 0 33 18 
10 41 3 38 48 3 19 25 39 46 17 25 2 15 21 45 22 32 21 13 30 0 0 6 12 27 16 4 37 44 11 10 21 12 28 33 23 15 27 22 29 21 24 14 15 23 28 35 34 27 29 42 28 38 10 17 19 43 41 18 48 16 44 26 19 24 0 30 42 36 31 45 38 37 32 16 2 26 48 35 1 33 40 30 20 4 22 15 33 35 22 19 39 6 11 8 20 12 33 25 
26 44 6 2 45 38 24 31 11 40 5 37 37 35 5 35 37 24 22 46 25 23 30 2 21 29 46 31 8 17 22 38 29 28 22 42 4 4 20 34 34 5 24 40 6 14 17 48 15 14 26 2 20 7 25 5 29 41 6 19 32 33 33 15 20 23 29 17 14 35 10 12 32 18 35 28 27 38 36 20 8 0 1 36 16 13 7 36 25 43 1 11 4 44 12 27 26 27 38 7 
15 37 22 36 45 7 32 10 29 16 36 5 4 41 13 1 0 16 5 23 40 20 48 19 33 42 13 33 2 32 12 28 15 34 18 0 18 40 36 33 26 31 0 14 12 6 38 31 45 23 36 7 15 38 23 6 44 4 39 9 8 27 25 3 18 14 39 9 30 28 0 2 37 47 42 2 36 36 13 49 11 49 16 22 13 1 0 2 7 22 23 43 20 21 38 8 44 18 2 18 
42 45 37 33 46 33 13 38 18 25 32 18 24 4 5 0 29 1 30 21 12 31 43 39 2 29 7 12 7 46 39 8 3 7 28 23 29 30 5 35 21 31 31 4 49 36 45 39 45 32 43 41 38 18 37 43 35 35 44 12 22 22 14 9 24 47 25 5 18 6 47 37 19 38 6 21 30 29 2 47 8 5 42 41 17 45 43 6 38 28 33 41 30 45 43 25 46 29 42 1 
27 48 13 43 2 5 24 30 35 42 32 46 19 34 25 9 26 35 46 15 34 1 41 12 39 47 15 28 25 22 29 2 7 46 7 6 5 45 29 11 18 24 14 13 43 42 38 16 49 2 35 14 26 29 34 28 49 35 24 37 20 16 1 47 5 16 7 20 48 36 46 44 20 16 46 33 6 5 28 2 6 6 30 17 49 39 21 8 34 5 6 22 20 28 41 31 42 38 39 5 
34 47 48 47 47 34 0 19 36 32 44 48 17 17 12 19 46 2 38 34 12 8 34 47 19 20 48 6 5 49 4 49 25 45 45 25 18 19 17 37 16 27 27 6 21 5 3 0 10 22 44 31 32 6 14 34 36 1 0 32 29 23 25 36 21 22 0 49 45 12 49 13 5 11 5 42 35 19 1 10 27 36 33 15 13 41 38 4 16 45 5 3 46 26 37 19 24 40 15 16 
41 37 37 37 34 24 37 28 17 38 12 31 43 35 15 47 2 23 32 35 28 5 36 14 39 20 31 25 15 25 4 23 46 23 14 26 0 24 31 0 6 42 3 26 6 9 11 39 4 28 16 9 19 34 27 2 29 33 38 15 3 32 32 6 30 36 19 23 48 40 30 40 33 46 9 2 5 6 18 5 33 10 19 45 26 49 0 8 25 12 42 42 14 9 25 28 37 47 48 4 
5 12 41 20 31 40 5 18 4 30 49 24 36 40 3 22 8 1 42 40 31 19 28 11 5 38 42 44 42 10 8 20 15 42 39 28 41 15 23 33 13 13 0 40 15 49 1 48 12 43 27 26 48 43 10 40 49 43 40 28 3 46 12 38 14 44 43 44 1 32 3 36 21 19 14 38 14 29 13 1 3 8 8 4 8 47 33 34 12 12 1 8 4 11 3 25 11 29 0 21 
29 38 3 40 6 15 4 30 38 11 27 43 35 4 19 33 24 12 10 18 39 31 21 23 16 24 2 37 42 19 42 12 11 46 12 10 40 49 0 49 14 8 7 28 14 30 29 38 38 44 0 30 6 31 14 37 27 34 10 35 23 6 40 0 16 32 10 6 6 34 32 8 0 7 3 9 48 42 42 0 37 31 31 21 17 17 34 6 36 30 49 35 0 5 23 30 9 33 44 16 
43 0 30 40 18 13 43 1 9 25 32 13 33 48 46 4 31 24 30 11 35 44 6 43 37 39 13 24 20 48 40 44 39 31 30 21 39 33 24 23 7 12 9 28 44 39 43 14 38 22 24 44 0 11 25 10 11 21 44 39 13 32 25 5 45 0 8 22 44 17 8 34 28 7 35 38 44 1 38 13 32 8 2 48 31 3 37 49 33 12 37 44 35 43 22 5 15 8 20 4 
45 24 12 16 48 31 7 23 22 18 6 47 31 0 49 49 5 10 25 42 36 9 0 28 36 40 44 5 29 10 13 37 5 18 6 1 27 11 8 4 49 28 28 21 17 38 28 19 14 32 19 31 20 10 6 0 6 2 48 45 1 39 11 23 1 9 30 49 4 0 49 8 31 2 48 28 10 10 36 32 20 44 48 43 1 21 35 2 1 34 15 32 34 3 18 40 49 30 24 25 
24 14 37 49 37 34 4 38 45 7 3 18 41 15 8 9 3 2 28 45 35 32 18 7 14 39 7 38 3 33 1 31 40 11 43 27 46 22 21 34 41 49 29 44 12 26 14 23 33 47 37 22 10 12 39 27 8 27 9 22 3 41 23 10 29 32 28 7 17 8 2 29 31 12 9 12 11 37 33 33 3 19 41 43 19 47 39 32 42 5 18 49 45 0 7 30 28 5 30 19 
25 25 46 23 49 4 37 48 38 36 6 5 21 12 45 4 21 37 20 32 37 34 22 23 9 31 32 7 1 33 43 49 6 23 33 19 5 47 19 3 15 35 3 34 39 8 21 44 25 22 45 13 49 34 42 27 2 24 35 4 5 36 24 10 32 7 2 14 37 26 30 9 35 8 43 0 11 43 33 20 34 9 18 19 6 17 26 31 13 30 38 15 42 2 46 30 39 0 7 21 
0 24 2 12 12 43 24 49 10 15 36 31 22 18 49 18 27 32 14 12 35 34 33 42 10 37 38 6 9 48 41 47 5 22 32 32 12 47 29 36 4 25 25 41 3 5 17 13 17 31 40 47 37 15 39 35 11 34 12 42 28 11 35 31 49 23 48 33 27 7 28 28 45 33 29 45 10 23 48 22 43 30 47 34 21 43 4 31 48 31 28 2 12 40 16 35 49 22 4 46 
33 8 18 24 48 37 33 31 24 11 41 36 25 25 3 6 4 30 3 14 39 16 45 24 20 4 34 19 34 14 24 23 32 15 13 37 19 37 8 39 11 2 17 37 44 33 17 2 35 0 9 10 33 19 36 34 27 42 13 21 1 39 13 22 37 21 48 3 36 29 11 20 6 33 29 37 34 3 13 37 6 46 36 37 3 32 27 7 6 20 44 0 0 0 12 30 24 27 14 27 
17 48 17 0 13 10 32 6 12 41 32 19 9 11 48 49 29 5 38 2 45 24 4 42 35 19 48 20 29 8 22 0 23 21 4 7 22 15 20 33 39 38 9 45 34 0 48 46 0 24 30 28 19 26 0 22 0 33 39 10 1 5 8 45 15 8 47 35 36 21 17 10 36 23 46 29 45 30 39 24 23 16 30 13 33 5 17 35 14 15 2 9 41 24 14 5 43 11 21 10 
11 47 16 2 15 46 34 8 12 31 0 40 31 35 0 20 5 29 12 40 46 22 42 15 48 26 13 38 26 8 0 29 40 45 38 30 15 12 17 18 3 15 32 0 26 35 32 1 4 18 28 36 23 33 0 38 22 18 2 9 17 16 27 49 44 5 24 15 5 27 1 2 48 7 23 1 6 38 13 49 49 42 37 36 0 37 3 38 14 12 30 15 24 22 3 36 45 9 13 10 
38 27 6 36 45 20 0 8 47 23 39 23 45 11 3 35 10 2 24 30 34 34 13 23 5 13 37 13 6 44 37 42 25 21 14 7 26 3 44 44 13 28 36 31 0 21 32 49 4 7 19 41 30 14 23 6 42 39 2 17 25 33 18 17 21 36 14 25 40 29 3 16 31 49 46 8 32 6 42 30 0 29 27 38 28 27 15 36 23 3 0 4 11 9 18 36 40 23 47 40 
25 12 38 7 37 37 10 6 29 16 26 47 36 23 35 30 30 12 43 22 7 30 20 31 9 37 18 32 27 21 9 38 5 2 32 25 10 38 19 41 35 43 21 47 38 5 14 33 16 44 47 27 31 16 32 23 44 21 38 19 26 35 42 44 42 26 15 37 6 0 34 10 18 22 43 49 37 0 44 7 39 32 0 4 19 41 44 41 5 32 33 41 12 17 31 25 19 8 25 4 
37 25 4 39 41 31 16 1 17 49 17 36 16 0 24 49 16 33 40 27 23 1 36 11 16 1 17 45 23 8 15 27 43 14 18 6 33 15 4 35 35 32 49 36 9 20 12 44 49 7 32 38 40 49 7 17 22 15 44 15 21 13 22 34 22 24 19 30 19 43 11 5 5 12 7 44 45 22 11 40 12 23 5 27 12 2 45 17 9 31 11 15 31 21 47 27 7 21 46 24 
9 32 14 32 13 43 0 8 7 20 43 36 26 33 37 31 16 26 46 42 41 24 38 22 47 4 24 13 7 47 26 36 25 1 45 4 48 10 22 48 43 38 40 45 21 1 37 13 2 0 35 29 11 27 40 31 47 48 37 4 33 13 12 0 27 29 6 26 27 11 27 37 43 21 27 18 48 22 41 46 21 27 25 42 48 35 4 29 49 39 14 36 4 37 41 18 41 24 30 29 
44 10 6 23 48 44 4 9 0 49 11 43 44 13 44 32 4 9 7 32 44 21 30 38 26 24 32 17 3 38 48 22 45 25 24 8 19 31 26 29 28 29 8 34 25 31 46 35 39 14 21 1 15 12 15 33 31 14 24 4 21 18 14 48 13 10 25 22 5 20 40 7 23 6 14 18 36 22 49 46 32 9 19 24 40 33 26 3 16 33 3 37 18 45 4 2 40 22 26 5 
46 11 15 19 26 47 32 7 30 34 39 38 42 47 13 38 14 39 39 40 8 9 8 29 40 40 25 5 4 18 9 49 12 23 39 13 46 12 44 14 23 3 46 6 24 35 45 39 47 43 29 41 25 7 25 46 15 11 7 43 28 21 7 49 8 13 40 49 8 31 30 12 17 23 38 27 19 32 33 21 30 4 5 5 37 6 28 14 4 20 43 38 21 27 40 19 27 13 10 43 
6 4 7 40 4 2 16 12 31 0 49 15 18 32 34 3 13 27 19 8 10 36 29 47 45 37 16 15 29 14 17 16 40 12 16 40 35 5 4 25 9 14 32 25 27 33 12 31 21 27 5 4 4 35 28 6 10 26 21 29 35 5 38 28 6 30 29 47 21 45 4 25 36 11 18 21 33 23 21 22 34 5 11 18 2 5 1 11 42 5 8 25 37 9 34 42 37 24 6 23 
20 18 30 43 23 8 42 10 46 31 21 49 22 9 49 19 11 30 18 28 46 24 3 23 1 25 44 49 15 41 0 36 16 34 28 27 19 38 39 37 22 25 1 18 12 42 13 2 24 9 17 21 3 43 15 38 15 43 47 28 36 32 6 33 44 31 23 6 13 6 21 13 15 1 11 24 28 10 32 11 17 32 22 27 41 4 8 1 16 20 0 34 11 23 22 23 26 43 2 36 
4 44 47 32 40 11 0 18 28 39 41 22 44 14 22 35 18 3 49 5 37 10 39 14 11 39 4 17 28 41 6 46 7 14 11 39 19 31 2 33 18 11 37 38 12 24 43 25 27 45 2 23 29 10 23 22 16 14 44 28 43 6 7 40 21 35 5 48 25 47 42 25 33 29 44 9 13 11 47 21 46 41 27 38 42 9 30 47 23 17 4 22 43 28 33 38 29 2 7 15 
37 26 37 47 0 9 45 46 49 0 18 21 4 14 0 25 32 31 15 29 14 30 12 38 41 49 42 26 3 7 2 35 15 12 14 10 35 0 29 29 44 39 18 28 15 23 1 3 7 41 40 19 30 45 41 47 14 14 23 31 18 4 43 6 35 34 6 5 13 37 15 5 42 3 9 3 18 8 47 6 19 48 38 47 47 44 23 33 36 2 12 5 39 25 16 29 24 46 31 20 
46 24 30 16 18 47 13 19 27 48 23 21 32 9 43 19 18 2 2 43 19 10 13 10 14 38 3 18 30 15 6 40 35 3 23 43 43 42 29 36 10 37 25 6 16 37 28 36 11 40 5 34 13 34 24 45 23 27 48 16 47 31 32 17 12 43 3 6 22 31 27 23 47 44 26 25 34 49 27 1 17 26 24 13 30 11 9 0 11 15 44 30 23 41 15 30 4 41 32 27 
19 33 10 42 41 37 21 26 18 27 11 17 26 41 38 9 11 48 0 32 17 35 5 24 24 39 7 48 38 10 45 12 25 18 49 36 27 13 29 10 41 8 35 42 17 49 5 25 49 30 29 36 47 34 44 34 49 33 6 41 20 40 7 17 41 6 33 24 42 48 1 42 25 21 29 27 37 27 47 5 15 23 25 35 44 43 9 1 35 45 28 46 41 35 34 17 1 9 31 14 
25 33 31 39 18 31 49 16 13 10 0 49 30 5 10 19 44 7 28 7 46 9 19 49 10 0 13 8 41 7 22 0 23 37 25 4 27 39 2 34 31 37 22 48 45 22 40 7 39 45 4 13 13 44 25 39 34 26 7 45 9 11 32 45 25 9 0 28 41 23 13 37 13 21 23 47 33 49 23 43 37 33 36 24 49 19 47 26 33 39 48 27 27 23 46 4 32 34 26 44 
34 23 6 9 9 33 2 22 39 25 49 29 43 10 31 30 47 44 30 33 26 23 4 16 17 20 23 34 34 47 29 1 49 4 7 39 39 10 26 32 3 7 34 44 48 21 30 20 37 19 17 32 44 21 28 4 37 16 18 29 25 1 43 12 37 13 49 15 0 13 41 40 7 39 45 4 44 28 41 20 10 23 10 36 1 45 2 14 42 47 46 7 49 41 40 1 20 3 1 19 
19 19 6 40 11 29 27 0 9 15 33 30 11 41 42 45 38 49 49 9 48 13 47 42 9 33 44 10 15 36 6 5 30 42 39 42 33 31 43 48 42 15 16 41 4 22 35 38 0 22 43 16 29 28 31 28 14 17 21 28 41 30 36 41 23 8 23 49 26 9 13 44 15 11 33 6 5 4 43 27 49 16 18 21 30 15 15 26 34 34 6 12 39 7 42 14 8 9 9 13 
0 31 43 30 21 14 48 23 40 36 38 13 21 39 1 13 27 28 38 9 39 1 46 0 5 45 33 20 8 8 0 36 39 20 16 44 18 41 39 33 35 32 11 7 41 43 46 37 35 8 1 16 31 0 13 2 34 32 24 39 21 39 48 6 1 20 13 2 9 23 43 33 6 13 24 10 49 44 43 39 38 15 36 36 20 32 14 13 33 32 37 28 10 24 0 29 27 5 0 16 
23 45 16 14 2 48 4 7 6 34 44 43 20 22 14 4 15 24 39 9 27 3 45 20 30 9 27 0 35 24 40 46 20 40 28 13 1 3 13 44 4 7 6 38 27 39 49 23 8 1 11 15 27 48 20 38 15 44 7 49 39 28 43 37 8 13 35 38 7 0 15 4 49 35 17 6 1 27 45 10 13 46 13 12 31 12 23 31 42 40 13 29 33 28 39 29 1 45 46 29 
5 22 27 32 19 13 12 4 34 44 43 10 49 35 15 6 46 43 34 22 18 34 38 35 35 42 9 46 40 32 39 25 21 0 25 3 33 31 47 4 3 5 15 20 35 36 30 28 23 10 27 31 29 17 46 0 42 42 25 28 1 11 20 19 21 3 26 22 45 38 27 45 44 27 1 31 16 6 10 14 3 45 47 48 44 35 36 34 3 8 9 33 33 37 0 2 15 0 26 13 
2 27 24 29 28 1 18 18 32 1 10 31 46 40 43 44 5 11 40 22 9 2 4 14 44 6 33 3 19 47 9 35 20 31 40 9 8 10 1 24 29 11 22 6 24 48 12 35 14 5 40 35 42 3 36 12 29 12 0 27 42 48 27 20 45 9 27 37 11 15 31 22 34 24 38 40 22 16 34 12 42 1 8 36 1 23 2 49 35 12 48 36 41 9 4 36 20 16 12 27 
5 26 24 3 43 40 1 0 45 41 43 36 15 9 42 19 11 27 27 17 16 8 26 31 9 9 34 44 17 42 4 34 24 40 43 41 19 27 10 30 19 10 0 5 20 28 17 46 48 24 11 5 44 49 13 27 4 12 7 26 40 7 28 36 5 26 32 12 31 8 42 29 24 12 46 4 29 35 36 40 34 30 25 46 38 39 23 9 21 14 28 43 3 23 8 14 28 1 32 12 
19 25 19 40 10 10 0 26 36 11 43 22 30 12 39 38 2 8 24 14 10 44 32 19 5 11 26 42 20 2 3 14 7 6 20 19 12 16 41 22 26 22 19 10 10 34 43 31 48 9 0 44 46 1 1 30 36 45 12 32 18 33 9 2 31 30 34 7 40 12 21 27 20 29 35 4 11 21 48 7 19 10 30 5 8 28 37 15 45 6 16 29 44 38 30 0 41 33 28 32 
34 38 39 24 12 47 49 40 2 37 21 0 13 5 39 18 10 37 7 5 0 34 39 9 23 34 2 28 0 44 48 18 28 6 1 20 37 19 14 14 42 29 17 26 33 39 10 2 29 38 12 29 34 45 44 9 32 37 10 3 38 25 37 3 12 0 19 15 12 29 37 43 42 10 35 1 16 18 28 39 36 38 26 15 48 13 19 19 8 0 19 20 29 5 47 19 20 33 21 15 
25 48 0 3 27 3 43 13 43 20 16 25 7 3 8 47 10 42 14 24 24 31 32 17 6 39 38 11 8 32 5 20 21 13 9 41 38 18 1 48 44 10 17 34 28 4 7 5 44 41 28 28 6 42 38 44 16 1 44 1 48 39 36 21 18 18 28 35 28 3 41 16 36 26 12 15 36 6 46 21 1 1 7 38 38 46 38 19 10 28 0 1 38 42 8 36 46 14 15 28 
45 31 29 34 8 26 12 14 25 31 35 20 32 22 19 28 40 6 30 40 21 31 36 43 46 15 17 48 26 6 14 20 25 5 11 10 49 36 44 48 5 47 20 21 19 30 22 1 25 27 20 44 18 49 33 22 5 26 38 1 47 11 2 0 10 15 25 12 3 42 21 37 19 10 44 40 21 35 18 4 47 23 20 32 3 41 11 33 24 27 48 28 11 37 24 13 5 37 38 32 
25 29 46 26 17 10 14 1 34 49 41 40 9 12 25 40 19 8 26 18 5 12 19 23 48 38 7 41 11 29 37 31 25 43 10 20 32 24 35 10 34 16 29 6 21 1 3 42 42 17 18 4 20 3 10 41 2 26 6 8 39 2 0 41 29 31 0 44 42 44 34 38 5 47 33 15 29 33 29 20 45 21 28 19 11 45 26 18 16 45 45 33 40 46 42 8 25 43 26 4 
33 45 46 7 42 3 10 35 2 34 29 3 2 26 1 23 42 1 37 45 10 8 48 4 25 13 30 22 17 2 9 22 30 6 2 0 48 41 32 35 19 46 32 29 24 37 22 14 37 34 48 33 32 29 44 23 13 25 3 16 18 38 48 47 36 27 31 3 21 42 17 24 18 35 14 40 48 41 41 41 8 22 18 5 34 14 46 28 28 42 20 29 17 26 41 49 7 3 39 21 
39 49 10 16 20 37 24 16 11 2 49 14 22 47 2 47 1 44 43 37 0 46 34 29 37 12 28 26 41 11 44 49 37 13 48 36 41 9 0 7 39 26 28 24 41 20 31 20 14 10 21 20 18 6 4 20 14 48 28 43 13 27 6 3 45 23 49 29 30 45 10 8 10 34 39 30 46 42 27 13 21 38 36 2 32 30 25 27 13 0 39 21 40 28 22 3 3 6 49 15 
49 33 30 44 9 45 48 4 13 34 4 12 21 49 14 34 41 34 37 34 6 34 39 29 2 26 43 35 1 19 30 8 25 16 47 6 9 17 33 7 25 31 11 11 34 41 44 46 27 6 37 33 30 42 33 10 2 18 11 24 39 0 37 37 29 24 18 18 34 18 44 38 4 46 42 21 35 25 46 23 11 16 45 22 23 4 6 49 27 11 3 23 36 48 47 11 46 31 38 14 
26 43 17 28 17 24 47 16 16 2 17 14 5 7 29 30 27 12 41 29 33 46 15 40 12 46 1 49 33 35 6 19 11 43 21 0 30 44 23 8 20 11 19 22 35 43 22 33 8 21 20 8 21 8 31 49 19 9 27 14 9 37 12 42 45 39 16 36 25 47 36 44 24 47 10 21 47 24 3 5 22 26 24 17 37 23 18 24 48 48 20 7 15 33 27 31 18 28 49 28 
8 24 38 2 32 0 18 29 10 11 2 34 47 9 12 22 8 43 43 3 30 25 35 0 30 33 26 19 45 25 30 7 22 30 0 13 36 9 35 13 33 15 31 48 44 22 28 38 15 7 21 40 15 41 49 30 33 12 39 30 13 24 3 12 48 41 44 25 9 1 34 4 39 34 15 25 48 21 29 23 4 38 25 48 2 10 1 2 20 26 15 8 18 32 21 38 15 26 25 21 
3 49 49 6 30 6 12 21 22 12 17 4 37 11 5 40 37 7 18 0 3 8 24 12 16 9 15 1 5 21 39 37 42 36 36 12 8 16 21 15 0 8 15 6 5 46 4 19 27 9 15 48 16 36 21 48 36 0 11 41 15 23 48 21 47 4 5 43 27 0 33 24 9 40 31 9 33 31 4 37 6 18 15 48 23 23 31 34 36 38 25 1 3 22 4 23 29 39 8 22 
40 39 29 22 23 9 20 47 24 44 34 32 29 26 38 25 9 49 7 42 46 35 32 41 20 47 14 47 15 44 6 17 6 2 43 16 23 28 17 1 1 40 35 9 15 41 14 23 0 28 7 17 40 17 0 0 46 37 45 49 21 12 46 8 30 6 26 4 46 47 25 41 44 3 47 27 0 41 38 25 13 10 20 40 5 8 28 36 27 7 31 12 47 40 10 29 23 13 49 45 
18 3 44 40 19 40 32 28 0 33 37 15 41 2 29 38 47 42 15 39 0 15 1 17 7 30 1 7 21 49 0 13 43 10 12 36 41 35 45 15 24 11 38 28 14 44 41 46 2 43 26 44 28 41 47 1 44 43 26 27 8 4 44 14 38 36 37 14 23 31 6 43 36 2 12 36 35 1 42 19 7 9 26 18 34 48 1 7 12 1 48 20 25 12 18 33 44 31 29 28 
10 7 2 25 42 15 40 19 16 6 5 37 27 1 19 5 39 5 46 12 3 44 28 0 44 24 0 35 4 38 25 46 19 49 47 17 36 18 24 25 47 20 0 41 29 1 18 5 12 8 40 10 46 30 28 10 35 21 1 31 23 25 20 29 42 17 46 29 47 16 10 20 22 28 28 7 14 48 47 38 1 25 38 39 12 20 19 41 46 22 22 2 2 1 34 6 48 17 21 5 
16 12 29 46 22 44 1 11 45 0 0 13 37 20 7 13 26 33 2 16 1 33 27 1 26 35 41 28 47 2 36 16 32 2 7 35 7 21 29 47 11 41 34 40 12 46 8 11 2 32 29 23 31 36 48 27 8 13 14 31 30 20 6 39 48 12 4 24 0 0 22 32 18 37 32 43 30 6 7 44 6 5 1 44 4 10 1 5 42 16 4 8 20 21 15 22 1 24 25 34 
14 31 20 2 15 28 18 30 46 21 21 9 22 37 46 15 29 29 24 27 35 9 20 11 3 43 31 48 1 6 44 23 4 22 40 33 13 48 15 15 9 39 34 49 35 23 44 0 31 18 15 8 3 3 18 45 49 33 35 11 15 29 22 46 41 42 45 29 29 40 48 19 22 39 42 26 31 10 21 48 22 32 23 42 25 40 46 27 22 13 46 5 25 37 44 3 38 38 33 41 
15 40 26 0 9 19 34 15 11 12 13 35 28 47 28 48 2 44 48 22 4 1 4 42 1 2 37 37 22 24 32 4 40 4 33 37 28 27 33 6 0 28 42 9 43 11 21 8 26 44 32 31 9 20 46 18 7 39 14 17 48 24 23 24 5 22 29 7 30 10 21 49 24 46 16 29 34 46 11 19 45 8 34 17 38 32 29 47 4 27 44 8 39 18 35 43 19 34 37 49 
19 13 5 11 42 4 2 2 36 13 32 22 27 37 15 28 39 37 27 30 18 5 38 33 23 42 28 18 30 5 10 41 31 22 44 23 24 27 23 26 25 6 9 31 15 21 28 11 27 29 18 6 20 1 38 4 28 25 31 18 25 0 4 48 25 48 10 38 11 26 14 17 34 37 38 40 20 42 1 9 0 25 49 38 39 39 15 37 28 2 32 13 14 36 33 7 9 44 16 29 
35 15 9 4 29 31 29 44 5 5 37 42 34 30 39 0 42 7 9 31 49 14 23 32 10 37 42 33 4 43 20 47 7 5 4 15 45 39 44 1 6 23 10 38 36 8 4 5 13 26 15 37 47 42 16 20 24 34 16 23 15 39 13 38 21 1 13 25 5 37 24 48 21 18 25 21 26 23 44 0 1 33 18 8 9 2 27 45 49 27 2 17 37 34 35 45 2 0 22 16 
37 47 26 11 2 44 25 40 24 13 1 41 15 3 28 27 26 35 6 40 37 21 31 31 9 30 11 34 28 12 38 33 49 26 44 14 19 32 33 17 41 15 48 6 17 30 48 25 34 40 1 27 11 19 12 36 24 22 21 44 10 5 5 24 4 21 1 8 13 17 7 11 6 28 11 3 33 25 29 21 43 0 46 38 4 46 49 48 28 12 1 8 49 9 42 30 30 1 6 42 
19 1 1 25 38 48 8 25 22 41 5 39 30 25 11 20 41 5 14 23 41 14 9 32 42 48 7 16 13 1 41 22 36 12 49 44 46 47 41 8 27 28 16 43 48 28 38 22 10 35 17 40 10 26 22 47 47 16 22 6 41 14 26 45 3 38 13 38 43 5 0 6 38 29 13 21 47 5 37 36 33 11 6 47 33 28 8 15 47 42 2 39 8 32 28 17 4 5 18 20 
18 13 34 0 16 36 40 42 18 3 47 27 46 5 25 19 23 36 32 48 44 32 44 15 5 0 2 41 41 36 12 28 7 44 37 9 9 38 26 29 44 10 25 31 29 3 19 41 5 1 12 29 2 47 4 7 36 7 8 10 15 30 12 2 2 36 45 9 20 39 20 22 5 29 22 42 24 17 17 18 26 44 9 19 17 10 18 7 10 3 44 6 25 32 39 2 20 31 38 13 
2 10 20 19 39 39 11 47 46 13 24 0 47 22 24 44 44 29 28 16 18 11 17 10 16 21 2 5 43 41 21 6 33 31 5 22 21 16 39 7 36 17 37 47 29 27 1 34 6 22 31 38 12 6 18 33 11 16 0 35 23 17 4 41 24 18 42 35 17 22 34 48 14 3 5 33 18 40 5 47 24 32 15 32 4 38 8 8 25 31 22 48 16 21 9 17 37 45 39 4 
24 38 38 15 11 40 44 33 28 32 6 3 31 11 46 27 36 36 29 12 6 25 49 37 31 31 18 0 6 47 28 44 28 17 1 31 45 10 35 30 31 34 41 23 31 17 41 42 24 44 29 11 18 48 28 0 14 34 42 45 41 41 16 49 32 28 29 11 37 0 12 15 38 18 41 6 38 47 25 14 36 10 20 15 4 12 24 31 43 39 31 8 9 32 36 10 21 1 22 15 
17 16 0 40 46 29 37 45 44 49 29 13 49 15 7 2 18 16 2 8 36 38 10 2 13 24 6 0 13 43 45 14 41 16 4 32 17 45 38 22 37 11 43 14 4 4 42 45 10 47 8 15 39 30 16 33 40 48 10 30 5 13 27 39 11 25 22 32 39 11 19 45 18 2 43 17 2 2 18 31 20 17 4 28 40 38 39 0 19 13 37 1 19 22 20 48 18 42 3 43 
47 21 36 36 34 45 49 34 32 40 29 10 39 17 43 48 2 23 7 0 36 13 9 14 31 9 22 16 28 5 9 36 47 26 38 18 13 47 22 27 11 30 21 1 46 20 41 48 1 20 41 33 24 19 41 25 38 4 32 25 15 34 4 22 2 30 35 39 21 1 42 27 6 32 27 49 34 19 33 46 5 19 42 15 29 38 27 28 30 0 35 15 34 45 16 9 0 6 39 34 
15 14 40 35 47 27 38 0 35 14 9 15 15 30 23 4 31 42 12 23 43 7 47 46 13 5 21 39 24 4 4 35 35 26 3 39 29 19 37 5 1 45 11 49 29 27 19 49 6 2 49 22 15 18 36 0 3 38 42 24 26 32 8 5 38 44 42 46 45 2 6 43 25 7 36 30 1 49 20 16 1 0 6 5 14 5 12 15 38 4 39 44 30 14 8 26 9 16 16 34 
0 18 44 38 31 38 48 15 14 36 0 24 26 9 27 19 33 7 11 29 26 37 29 14 0 28 17 37 14 48 22 48 22 36 5 28 49 12 45 14 30 10 40 39 15 34 14 30 23 0 30 0 34 33 16 29 6 45 39 23 31 17 2 6 19 30 24 19 10 42 40 48 28 8 41 17 17 47 33 26 10 8 22 4 28 22 21 14 2 42 30 34 38 34 10 32 19 35 1 49 
15 32 45 30 20 6 17 49 24 22 18 4 22 48 23 29 1 27 21 38 32 47 13 17 7 25 39 7 27 42 38 41 5 23 14 42 35 17 1 28 33 35 31 17 24 20 49 18 15 47 36 32 9 37 3 40 44 47 10 13 20 47 30 3 37 49 23 44 43 40 1 13 12 46 12 49 17 0 10 38 26 39 46 28 18 47 7 5 36 28 42 43 34 39 27 42 2 42 2 20 
35 43 48 35 22 9 25 7 3 7 41 12 16 37 35 28 24 45 48 34 12 26 24 16 24 32 37 7 12 10 16 29 6 36 1 40 34 44 31 30 26 10 45 18 14 42 48 29 32 29 35 32 22 46 44 31 25 7 17 39 30 5 38 23 18 49 49 42 46 33 5 3 21 36 6 24 16 37 35 47 18 38 45 38 12 23 36 19 33 24 0 45 9 10 27 21 10 40 8 2 
8 38 38 9 7 33 19 6 8 47 45 3 16 1 8 13 26 17 3 10 4 11 19 9 11 26 35 26 0 10 11 36 42 11 29 36 12 24 39 24 5 39 44 0 4 17 21 13 45 15 24 1 26 33 2 14 1 13 40 4 43 33 41 25 23 0 40 18 7 32 22 42 38 38 17 25 0 41 36 45 31 43 1 28 15 46 1 44 28 10 46 9 1 6 34 10 3 10 44 14 
14 12 20 19 43 34 8 5 3 36 2 31 36 37 1 0 33 29 18 43 11 45 16 33 28 32 29 45 29 22 36 12 8 10 4 12 30 7 35 18 47 24 49 29 44 25 12 34 17 22 8 34 42 35 28 41 21 33 2 44 14 24 8 42 35 5 8 19 19 5 38 25 48 33 16 21 37 46 7 33 36 42 32 25 17 16 0 46 27 44 27 38 5 35 34 37 13 37 27 26 
30 38 18 45 23 15 32 30 6 45 2 22 7 42 48 22 7 48 0 7 35 6 19 27 28 18 47 44 25 14 32 29 16 6 49 13 39 16 12 43 20 11 10 39 12 18 32 3 28 37 40 47 16 49 4 33 14 39 27 21 41 40 33 49 31 19 0 18 28 33 4 43 35 27 3 43 6 36 6 10 19 47 7 35 42 16 35 41 30 49 25 22 11 21 41 5 20 47 5 41 
13 13 20 22 0 32 22 20 30 10 39 6 41 5 39 36 36 0 0 26 22 2 29 25 4 35 9 0 7 17 47 3 11 40 40 4 5 29 44 6 21 40 38 45 28 16 48 47 28 21 37 7 3 22 23 5 3 4 3 18 7 48 12 24 41 8 8 9 38 32 46 0 28 37 34 11 13 18 5 31 19 14 20 46 31 16 33 47 48 13 33 3 42 10 12 39 11 34 42 38 
42 43 43 40 33 8 31 21 5 2 0 5 7 46 2 19 34 18 22 46 33 15 40 45 35 49 11 44 38 25 24 15 28 25 47 24 20 16 4 33 36 47 6 8 31 5 45 33 6 23 30 32 20 12 30 31 36 31 2 26 20 45 32 2 25 8 43 1 23 48 0 45 31 44 9 45 49 45 47 49 25 21 15 25 25 12 22 19 38 2 40 17 21 47 15 42 34 9 44 15 
17 15 36 41 47 42 2 0 10 5 39 7 35 2 2 23 21 14 36 41 2 43 14 33 27 12 3 35 41 2 27 7 23 34 0 24 29 37 28 47 29 29 3 29 1 27 26 35 31 39 20 46 9 47 36 47 5 45 34 46 6 21 21 42 19 46 42 1 29 12 3 34 41 32 12 1 43 42 6 47 46 44 49 25 3 19 40 21 38 37 18 37 14 34 32 32 42 29 36 19 
9 6 6 22 27 21 3 8 15 16 20 14 29 0 19 22 23 13 29 46 12 48 35 28 14 8 22 28 41 39 28 6 35 0 16 13 9 37 43 1 7 39 39 33 15 48 4 32 18 48 32 41 28 23 32 37 25 24 39 23 31 26 38 35 32 42 16 21 45 4 19 12 16 9 38 9 25 24 18 12 15 18 16 11 45 11 41 12 49 0 26 19 21 13 7 29 36 39 36 47 
42 27 37 17 26 47 6 47 40 44 16 21 31 28 8 31 10 1 11 0 15 11 20 2 2 34 23 27 22 24 31 12 37 18 3 12 44 28 10 3 44 31 18 9 47 18 39 1 10 39 1 2 21 2 41 34 17 9 1 31 8 35 7 27 33 11 23 9 22 45 12 29 5 20 48 36 7 48 16 16 42 45 27 48 6 15 44 1 47 42 44 40 3 26 23 44 27 23 40 15 
27 43 42 4 8 16 32 1 32 41 24 14 1 8 49 34 36 19 11 8 11 46 6 21 47 12 20 33 16 0 8 31 13 7 16 20 16 42 6 6 19 8 43 16 33 29 37 40 20 36 21 43 47 9 1 11 25 47 32 7 10 38 43 24 17 21 30 49 43 29 24 35 33 40 40 0 24 41 26 38 5 42 35 10 39 33 1 1 9 1 11 7 10 37 42 49 23 20 24 7 
23 9 39 10 43 28 27 16 15 16 47 46 17 43 22 44 40 43 15 19 11 17 44 49 23 21 31 12 4 45 7 7 46 1 29 15 32 37 13 44 4 43 18 34 46 30 20 24 7 44 33 23 24 40 1 38 44 16 49 16 15 13 0 8 21 20 26 46 43 49 10 4 43 8 41 0 23 1 18 10 49 34 1 17 12 32 16 40 38 33 41 41 18 26 4 29 14 14 21 37 
14 16 38 26 14 11 13 10 42 20 24 28 48 47 35 39 42 0 15 45 9 49 43 36 48 27 25 45 33 14 3 0 49 20 24 39 20 7 19 44 11 8 22 34 39 4 27 0 42 6 43 28 0 23 20 23 45 13 38 22 27 48 19 15 32 2 12 31 40 43 2 42 40 16 1 20 0 7 23 33 46 21 25 47 40 17 25 46 12 14 19 1 49 12 8 46 49 25 40 10 
21 20 9 48 20 17 48 48 11 23 14 24 48 37 48 41 37 15 47 6 5 0 25 47 2 27 28 25 46 34 19 16 28 49 36 32 6 10 40 31 40 38 49 17 9 5 23 46 24 27 26 25 28 44 29 39 18 37 2 16 14 16 38 11 1 30 24 5 32 38 15 18 49 29 30 27 31 14 23 26 10 21 16 46 31 38 37 27 12 20 21 25 42 35 7 16 38 32 3 25 
23 6 27 15 22 35 46 15 12 16 33 39 7 34 2 14 24 43 46 49 21 12 38 17 24 11 8 2 33 5 1 20 8 35 39 27 15 39 31 23 48 33 21 1 17 36 28 37 34 26 43 34 29 8 42 20 42 28 47 22 33 43 0 10 24 18 40 43 38 0 8 33 4 38 13 32 20 13 38 43 13 16 49 5 0 29 34 32 36 2 41 18 39 41 28 44 39 13 20 25 
44 40 15 30 31 25 13 39 30 27 1 31 8 7 33 25 34 27 26 1 48 33 36 4 33 29 43 27 40 25 38 10 8 7 49 28 11 10 30 16 42 33 6 30 15 1 2 49 30 14 3 32 41 10 26 41 31 25 8 36 28 8 23 43 37 1 35 32 31 11 23 0 6 2 46 48 45 42 10 49 31 28 21 35 4 21 32 23 26 18 42 36 2 38 44 35 28 20 21 47 
26 2 17 4 27 38 39 17 10 39 10 44 32 48 37 29 20 39 1 19 25 36 17 47 43 27 38 3 12 47 36 0 42 22 15 37 38 47 23 35 37 31 35 9 35 46 45 4 43 23 32 19 12 37 14 33 19 19 37 45 9 47 3 0 36 28 26 14 29 6 20 41 27 31 40 44 5 44 32 40 9 41 25 29 33 26 13 30 46 44 49 8 49 7 2 1 17 46 26 11 
49 43 37 8 41 22 9 41 29 45 3 10 12 42 3 34 23 29 28 5 4 18 3 41 41 3 21 9 9 0 0 38 36 10 5 22 5 4 0 4 11 4 31 32 7 12 19 8 37 22 28 36 14 2 25 21 2 28 24 22 23 11 30 12 0 23 41 22 46 21 38 42 10 41 34 47 39 8 10 18 15 43 11 5 38 46 41 13 14 43 17 42 9 26 23 26 46 31 16 49 
27 17 0 39 0 18 0 7 41 35 12 27 3 30 41 23 10 48 38 25 4 43 26 1 16 43 16 14 17 47 36 24 38 43 23 12 29 40 22 10 18 37 13 23 38 25 34 5 49 34 41 40 31 12 9 24 25 4 20 25 29 14 11 45 5 39 12 34 39 38 2 29 23 5 23 31 45 26 39 38 12 45 6 33 10 12 44 41 16 15 0 43 46 20 18 8 48 47 49 0 
