100
44 11 44 34 6 35 18 47 34 22 13 26 20 36 3 29 46 40 20 1 31 21 14 48 18 17 27 43 26 7 24 38 48 32 49 5 38 10 14 8 0 17 2 47 31 2 22 19 9 28 4 30 8 36 31 15 41 8 0 6 11 37 43 8 42 22 49 29 24 14 30 12 37 21 24 31 25 44 12 3 21 32 14 23 5 9 5 43 32 6 21 34 9 22 46 33 45 34 44 8 
34 48 37 2 10 20 7 0 36 30 1 12 48 31 49 39 19 13 49 32 38 29 21 4 16 5 30 14 19 9 20 0 28 8 45 49 36 26 34 46 0 37 44 14 34 25 13 14 34 28 29 4 29 23 9 20 3 49 29 42 19 39 15 31 17 43 0 36 46 31 37 46 31 34 23 48 14 49 20 23 42 39 39 27 14 16 46 9 20 48 42 32 7 5 23 42 25 2 0 20 
13 14 42 30 38 14 16 39 23 48 47 24 40 36 26 11 7 15 25 19 40 45 24 3 36 20 7 38 2 30 13 23 19 28 20 23 47 24 8 12 49 42 0 4 28 20 40 6 7 36 45 13 39 7 19 36 26 35 19 36 27 39 19 15 41 46 0 38 45 19 36 10 3 15 45 36 20 2 14 2 2 29 22 19 19 37 25 45 27 44 18 12 9 26 17 48 39 26 22 32 
29 6 15 44 36 7 12 26 36 22 8 1 8 31 26 25 17 10 31 7 13 34 15 22 39 11 22 19 13 18 31 35 35 20 0 32 13 36 39 22 46 21 47 33 47 9 25 34 21 31 44 29 39 36 32 45 37 25 27 9 37 32 5 45 27 46 8 43 49 20 24 45 29 21 37 9 8 13 29 39 4 46 31 14 40 28 2 33 31 6 45 25 45 11 21 17 34 47 7 48 
24 36 33 39 26 18 1 34 47 18 37 10 11 27 5 15 12 40 27 33 3 32 41 47 23 47 21 31 7 20 31 1 10 38 10 28 0 22 30 10 39 4 1 9 33 9 15 20 28 1 27 16 6 40 34 25 44 47 1 18 17 23 20 18 33 45 48 43 2 17 30 7 42 36 43 23 3 8 8 3 47 16 26 26 10 16 44 43 49 24 5 21 1 30 22 30 38 28 26 33 
40 8 37 33 34 37 23 7 48 2 47 39 13 13 43 33 23 5 28 16 4 17 9 43 42 45 13 34 29 4 3 49 7 10 9 32 45 40 24 28 21 49 7 28 28 42 5 20 26 6 36 31 15 40 10 10 32 34 11 0 15 1 26 1 42 22 9 40 10 19 42 32 18 2 14 8 7 7 44 47 49 27 0 46 38 21 19 28 27 49 2 3 2 45 31 18 37 17 20 46 
7 36 35 37 34 38 30 4 16 44 23 28 10 3 40 33 33 25 20 41 11 23 37 35 17 3 35 44 37 4 17 6 29 6 10 19 11 48 8 41 28 34 23 15 21 41 12 49 28 18 30 24 33 11 34 10 17 39 23 19 10 18 9 46 45 27 3 20 4 6 14 46 30 47 9 14 42 16 15 25 25 24 18 17 34 7 22 36 37 18 13 47 4 1 2 46 23 1 27 34 
37 36 34 32 17 11 5 40 33 5 3 35 39 24 26 31 15 26 2 6 17 26 38 40 7 14 25 47 40 17 45 32 48 11 34 41 36 49 16 18 44 25 20 43 4 42 22 17 25 19 24 29 7 44 47 34 42 5 24 5 23 19 0 18 35 42 28 0 43 49 21 11 43 20 27 42 5 16 20 6 23 17 42 13 7 8 15 11 41 31 20 19 37 1 32 17 41 5 37 0 
22 27 48 7 44 39 16 18 29 34 12 5 43 48 19 34 47 16 39 20 38 1 42 42 0 11 42 41 44 36 12 35 12 44 43 24 20 49 48 29 45 34 42 48 8 43 15 11 49 4 5 16 17 37 27 7 18 40 40 6 42 16 41 41 7 34 14 1 43 28 18 17 47 46 11 27 14 47 3 19 11 32 31 24 5 41 20 3 17 37 19 47 31 2 8 9 16 43 0 10 
4 14 12 27 29 48 45 3 18 20 25 46 20 8 23 44 1 28 9 45 26 9 8 2 30 22 15 6 31 0 23 1 9 1 33 15 20 22 5 12 8 14 18 37 14 15 12 3 22 10 0 48 48 39 32 25 12 14 12 47 35 20 40 15 17 34 22 23 32 2 25 35 10 15 25 31 17 0 24 41 14 6 24 18 26 37 44 44 8 23 34 3 13 25 14 26 7 45 4 19 
29 14 7 38 45 37 40 32 35 30 7 8 6 26 7 5 31 46 15 46 10 2 32 30 29 33 10 10 14 33 47 40 46 33 7 48 49 32 3 23 22 6 44 47 6 7 20 30 15 8 24 28 27 29 26 45 31 39 10 7 17 35 34 21 48 19 28 7 39 14 0 29 43 26 48 44 2 39 3 5 26 25 4 29 3 18 22 49 23 43 5 19 41 47 41 4 27 4 10 23 
4 44 44 41 36 31 11 21 30 6 44 5 44 27 31 3 49 25 21 13 15 35 31 27 18 24 14 22 20 31 25 30 6 28 32 0 48 13 34 46 27 17 28 44 5 24 36 34 14 28 36 37 3 27 4 12 34 32 40 12 18 43 42 42 20 25 6 9 47 30 17 24 33 13 30 30 49 12 34 14 11 16 19 1 38 16 30 7 29 37 25 9 30 14 19 37 3 9 40 47 
12 17 0 41 46 47 20 7 46 30 28 35 14 32 46 2 13 31 11 42 36 6 6 26 24 14 18 5 37 32 44 10 18 45 33 36 34 28 37 19 49 23 4 48 1 26 36 17 31 10 12 20 11 34 3 8 20 41 5 24 12 15 3 36 27 19 11 37 45 48 3 24 4 3 43 5 9 34 35 5 14 0 36 42 4 8 34 8 41 0 16 28 3 5 35 3 20 48 17 44 
35 1 20 17 48 35 36 40 39 38 6 0 49 27 7 22 20 23 28 42 10 32 4 45 25 28 8 24 43 45 33 39 40 26 34 22 18 3 1 26 29 11 10 43 44 28 35 1 5 0 20 44 43 48 46 30 30 45 36 10 1 7 6 43 23 18 35 12 33 14 13 46 44 4 15 3 32 1 29 17 34 19 39 21 17 10 29 43 25 13 14 6 3 8 9 21 43 35 32 22 
26 42 35 6 24 38 5 24 25 1 1 2 32 22 48 9 40 25 10 23 22 43 25 46 37 42 19 24 24 13 33 8 27 23 10 17 7 33 33 21 2 45 33 0 49 42 45 33 10 25 6 45 48 35 18 44 1 26 24 39 10 32 6 18 9 6 9 19 0 18 32 7 30 25 14 26 14 47 45 9 22 0 12 25 4 45 16 10 9 22 6 8 43 46 28 17 15 36 5 11 
30 30 2 26 36 10 30 1 42 34 12 10 39 9 23 49 39 31 24 45 43 36 40 3 24 0 35 33 6 31 15 46 26 24 36 36 47 15 13 31 28 37 6 9 25 42 45 21 10 4 28 11 9 8 34 0 21 40 31 26 48 29 34 8 40 19 26 37 5 12 49 45 40 6 6 48 38 19 29 16 26 31 16 41 24 17 26 0 4 47 19 41 0 8 6 29 22 1 10 3 
3 15 10 9 42 38 2 35 26 40 18 26 26 37 21 1 5 19 6 26 48 41 12 23 25 37 15 12 44 47 28 23 19 41 7 18 5 17 0 36 2 15 24 6 28 37 49 28 25 44 11 4 2 22 31 41 36 46 30 3 47 29 6 1 8 24 14 46 14 18 4 3 9 25 38 38 1 45 48 14 3 25 7 14 25 11 46 44 4 15 19 30 0 35 5 0 0 16 36 21 
5 21 16 27 15 9 26 18 33 25 35 35 15 48 40 31 43 11 38 21 4 49 39 28 1 11 12 28 43 8 46 45 32 31 21 11 13 18 46 21 44 35 22 17 32 8 48 0 43 41 12 14 42 35 12 11 40 34 0 49 5 6 16 10 15 44 3 36 29 42 7 48 3 35 33 23 8 11 39 49 15 33 20 34 48 26 8 13 31 33 4 6 41 42 22 49 38 15 26 5 
8 22 37 42 45 40 41 10 48 4 23 20 14 36 24 33 25 15 44 10 15 22 29 19 17 32 35 16 1 4 4 48 23 16 22 41 22 7 16 16 46 46 21 18 4 13 38 47 17 38 41 41 19 40 45 5 31 5 2 21 19 30 43 32 40 37 48 2 31 6 23 25 27 20 32 9 24 37 9 12 11 17 41 47 17 20 27 26 12 11 47 39 21 48 47 29 11 33 30 20 
37 11 3 48 8 29 18 0 12 39 48 16 15 44 29 37 8 19 23 19 32 36 29 32 13 39 38 14 6 43 31 33 48 33 16 19 30 0 35 31 2 3 41 12 20 25 4 31 24 28 25 26 4 3 43 14 16 49 48 28 38 9 40 5 20 19 36 17 17 12 21 38 8 31 37 4 21 49 10 3 45 18 6 26 29 8 0 18 46 31 46 48 10 12 45 19 18 11 41 9 
36 23 31 37 41 0 2 42 11 26 2 13 4 36 40 41 32 22 34 6 38 36 9 4 46 13 49 19 23 26 23 27 39 40 17 22 30 43 33 38 11 35 9 33 48 36 9 11 31 38 9 0 42 47 49 47 8 16 3 46 27 4 9 6 47 47 48 33 4 24 25 6 2 17 9 41 38 6 38 45 49 19 1 33 48 2 2 41 31 4 39 1 49 9 7 46 10 11 48 23 
40 32 30 12 33 10 15 43 37 33 7 36 35 27 16 42 14 15 43 5 48 23 7 43 23 28 36 37 32 34 26 27 3 33 5 27 40 29 17 2 43 16 28 21 6 25 33 2 10 46 48 44 4 42 30 5 38 7 10 24 46 42 38 48 4 12 17 23 27 30 22 35 45 21 39 48 16 23 26 21 42 11 29 19 40 40 30 36 18 41 24 47 43 1 40 42 42 5 32 44 
5 35 0 46 10 31 43 7 31 7 16 41 44 27 34 9 37 18 27 28 10 37 43 39 35 39 47 13 8 28 39 38 28 39 26 9 22 44 19 3 38 11 20 42 2 33 40 18 48 5 11 1 44 39 45 35 22 18 19 43 4 24 6 49 42 0 36 41 18 18 43 14 11 27 47 31 3 19 12 41 18 38 36 44 31 21 16 0 19 33 6 41 7 34 5 48 12 4 2 25 
41 24 16 1 20 14 37 13 19 31 38 26 40 5 49 30 18 1 11 20 43 49 35 39 45 24 14 25 18 42 4 21 42 47 10 31 19 25 19 43 15 21 10 6 16 0 6 25 14 28 7 29 29 31 12 0 1 33 37 7 29 41 8 15 30 5 38 32 3 41 44 39 48 4 9 22 2 22 3 0 49 46 41 11 2 15 45 36 44 4 38 3 32 49 40 48 40 41 39 26 
38 6 15 43 11 30 19 28 15 44 14 21 40 35 14 23 20 44 6 0 5 29 31 22 28 32 0 27 17 17 0 6 29 25 18 38 39 46 34 6 29 12 17 28 44 19 43 13 1 21 26 0 17 31 7 39 17 20 6 19 16 9 36 45 13 33 19 41 43 25 43 32 41 13 5 9 34 32 17 21 44 3 18 32 1 13 48 29 46 30 33 7 44 14 39 0 39 14 16 17 
5 22 5 34 42 7 46 13 44 6 30 46 36 35 29 44 12 40 16 2 49 24 36 31 5 23 6 0 37 47 9 15 17 1 47 27 42 48 31 12 7 40 6 40 9 18 46 29 14 1 9 24 19 8 44 0 42 41 16 47 31 24 47 29 34 33 49 21 0 18 35 37 8 36 8 9 13 26 25 2 43 15 0 11 38 28 7 9 13 47 23 44 5 4 9 24 31 25 28 8 
37 47 44 32 26 43 42 45 19 44 28 27 31 44 16 15 39 34 32 23 45 7 47 38 40 26 37 5 13 9 7 36 18 28 13 16 44 7 17 36 49 44 34 12 31 39 13 23 33 11 21 41 31 3 46 21 22 11 41 18 25 18 44 30 11 28 41 33 46 17 34 17 42 4 9 15 8 32 8 17 34 48 39 2 42 1 36 10 1 17 14 19 41 11 20 38 15 32 22 17 
2 33 1 21 45 40 18 27 46 10 27 19 27 20 27 40 15 21 42 20 22 10 6 12 1 17 9 19 30 18 37 49 13 4 45 45 1 30 24 5 29 15 27 6 37 3 9 33 49 23 39 17 5 12 26 45 9 22 23 18 9 42 3 2 32 9 37 30 20 18 4 4 8 5 35 49 11 0 28 11 19 29 29 42 34 10 17 16 26 29 7 33 11 9 44 4 12 38 24 23 
21 38 28 46 6 5 10 40 16 32 21 36 6 47 22 45 43 4 8 6 48 2 26 19 45 33 23 43 33 15 28 8 34 46 21 24 27 8 3 3 6 27 4 26 24 12 26 43 36 31 1 28 16 11 46 48 6 49 48 35 27 19 14 31 1 25 38 4 28 41 8 10 27 5 14 32 21 17 17 1 42 43 2 47 40 35 23 7 32 22 0 20 10 21 22 37 34 46 9 49 
14 9 40 36 11 3 39 35 5 35 16 22 13 29 5 9 1 37 43 12 13 33 8 16 13 18 1 6 27 44 23 28 13 45 18 14 24 10 47 25 36 46 7 39 2 16 11 42 24 37 43 32 6 13 24 41 23 22 16 1 3 16 44 44 26 14 47 34 33 38 39 3 27 49 7 11 27 8 10 2 3 27 18 44 24 4 12 36 44 1 3 26 35 28 24 31 23 17 2 29 
3 37 14 26 14 17 4 24 38 34 33 24 27 38 37 2 19 26 23 1 11 15 2 9 32 18 17 2 5 25 1 49 45 45 14 30 24 42 23 26 49 28 28 18 1 5 20 30 49 34 1 37 37 13 23 2 30 12 13 16 43 15 46 4 49 17 13 33 10 46 40 29 22 23 25 22 38 14 16 34 14 8 43 7 32 0 48 12 43 47 31 15 12 3 3 2 33 18 10 35 
28 32 13 23 25 35 9 2 31 13 17 39 45 22 44 45 21 7 26 43 40 46 28 28 5 9 41 9 14 39 30 43 20 15 1 27 15 47 31 25 46 43 39 44 4 12 48 35 37 17 24 21 48 19 7 19 22 35 15 24 20 8 32 9 22 0 38 38 10 29 38 2 40 39 18 31 39 37 25 16 16 31 47 22 15 26 22 3 18 28 1 30 32 2 34 19 33 22 29 18 
41 14 11 49 41 35 7 30 49 7 22 15 19 44 45 25 16 44 31 15 47 46 22 0 14 37 42 49 20 30 37 45 47 49 42 16 45 49 14 19 44 47 18 25 20 35 0 19 33 10 42 0 17 12 9 45 9 4 7 16 19 7 12 2 1 1 21 0 3 8 5 35 32 20 26 49 21 34 25 34 25 15 40 7 48 41 23 24 41 32 49 22 14 43 13 33 11 31 9 8 
10 20 7 26 41 16 29 35 40 0 23 18 15 16 46 45 41 22 14 20 49 1 40 14 19 5 7 15 10 6 41 6 45 48 41 27 14 0 20 4 40 19 44 10 0 33 5 31 22 5 40 30 11 13 23 49 7 37 17 29 9 29 33 17 31 36 40 36 0 39 9 23 12 28 40 25 10 2 46 18 25 12 36 48 41 30 38 45 22 45 31 2 31 42 36 32 21 31 24 11 
30 18 34 13 9 42 33 49 34 29 22 35 30 7 20 6 11 25 19 8 47 48 11 40 12 11 0 10 43 37 47 2 27 16 37 26 42 36 26 39 8 1 45 43 30 17 20 2 26 47 28 17 30 38 15 9 33 23 35 44 21 34 7 8 29 28 39 3 45 10 12 48 2 10 43 13 5 11 6 0 12 23 5 18 6 27 26 39 32 32 18 18 47 42 39 37 28 21 3 3 
5 10 4 43 8 14 9 35 26 49 2 30 17 47 35 0 43 22 2 17 17 36 49 48 23 24 29 24 39 38 44 14 32 46 14 36 16 11 27 22 27 46 47 28 24 13 8 23 1 17 34 46 35 45 14 20 30 9 33 9 1 11 40 41 12 48 25 44 41 34 38 29 34 29 27 43 3 0 3 15 30 9 23 12 30 12 32 9 22 4 45 9 17 21 32 8 38 16 15 46 
34 6 9 25 26 17 30 46 29 21 16 21 32 41 14 35 22 37 4 20 34 41 7 33 49 27 38 14 14 0 33 12 7 5 0 31 11 12 17 4 36 2 9 23 30 8 29 44 41 40 36 23 47 28 39 30 8 1 32 8 41 23 16 21 34 28 15 49 36 13 1 32 20 40 41 21 30 46 38 34 18 40 40 22 40 29 6 31 41 1 14 9 19 11 45 30 15 28 20 16 
37 26 46 14 44 4 48 19 9 34 14 26 36 10 21 6 15 47 2 36 23 43 23 3 7 6 5 9 23 11 0 31 20 29 22 8 43 16 13 33 8 6 8 29 24 5 31 48 22 4 18 27 28 10 48 15 43 24 29 3 30 45 17 0 41 25 5 41 43 49 7 49 12 14 9 24 45 10 37 43 24 36 39 13 36 23 21 48 48 42 24 49 39 26 47 8 49 35 47 28 
27 44 41 20 8 30 1 21 5 48 25 32 35 7 49 8 28 47 37 44 6 12 27 33 46 28 36 9 26 30 4 41 35 40 23 41 19 15 5 12 1 20 25 22 7 39 34 20 32 41 16 39 4 29 18 44 46 48 0 23 21 6 6 6 9 31 13 31 25 6 48 5 29 12 10 32 38 34 16 9 45 47 11 13 35 3 18 37 47 13 39 36 9 40 44 33 46 26 29 20 
38 6 33 14 24 10 36 37 39 41 46 5 22 34 29 17 10 37 13 42 18 12 32 49 6 35 25 19 42 23 43 14 10 49 45 3 45 5 31 49 9 44 49 6 9 49 33 15 34 5 27 17 25 4 29 30 6 16 48 14 45 44 30 20 34 27 16 45 0 1 17 46 47 23 10 14 9 12 37 29 35 29 27 22 25 43 1 16 30 2 41 12 23 39 2 25 25 12 15 27 
33 34 39 20 31 12 39 25 27 48 33 4 21 28 21 30 2 22 29 45 0 9 47 2 49 17 30 14 29 9 41 34 37 17 47 3 28 23 1 30 48 17 5 37 0 21 29 23 0 7 46 41 2 40 12 22 40 45 32 18 24 48 5 24 40 11 29 33 8 34 12 43 8 17 38 42 29 25 16 42 49 31 39 36 40 1 10 23 23 20 4 8 42 16 16 11 11 6 7 15 
6 11 46 44 17 38 22 5 47 9 29 16 29 0 33 36 4 40 46 2 25 44 23 37 12 1 44 19 10 45 36 24 9 38 32 20 13 14 5 15 20 16 6 6 31 19 36 14 8 25 49 21 33 12 22 41 49 24 24 24 40 42 32 47 16 46 2 47 35 27 35 15 40 38 35 5 33 38 33 26 19 28 48 30 22 12 31 37 23 32 26 48 44 14 12 21 9 32 41 43 
2 9 40 0 47 47 27 8 17 41 33 20 16 7 5 37 14 40 28 44 37 13 31 1 10 25 20 36 6 40 17 45 23 10 11 11 3 42 21 19 26 32 28 43 42 16 46 42 25 26 41 37 37 35 47 35 22 16 16 9 24 28 24 16 9 23 4 18 36 38 22 6 17 35 4 45 40 15 44 34 26 5 14 11 41 25 2 18 21 27 37 19 42 1 33 42 27 1 14 4 
35 16 40 23 24 45 5 7 19 47 6 17 27 40 35 41 30 0 43 43 18 5 1 46 9 2 5 23 32 26 32 47 35 11 12 24 26 8 29 46 3 49 19 36 37 42 39 34 43 45 30 8 44 39 34 17 29 9 41 34 41 2 19 30 41 25 36 5 24 36 1 18 29 49 38 16 33 2 21 19 39 17 30 49 31 17 43 44 46 23 11 44 23 34 16 34 13 31 31 32 
32 22 48 18 24 28 41 44 22 42 13 49 3 45 14 7 13 25 8 9 18 18 16 41 6 22 10 33 45 24 36 35 37 44 33 11 21 5 12 29 21 14 23 24 21 3 29 3 9 37 41 8 22 49 31 24 31 46 19 39 43 45 12 7 13 14 29 29 15 19 45 27 35 14 45 3 35 9 1 40 40 12 33 40 1 8 47 19 3 4 9 29 36 18 3 23 29 43 32 9 
4 3 44 44 41 31 23 40 43 3 24 39 19 30 41 37 23 16 1 9 21 36 47 3 49 43 48 29 10 39 37 46 46 34 15 13 30 9 12 1 19 13 5 29 35 49 1 35 47 12 42 30 15 17 33 46 23 15 22 7 17 1 21 46 6 39 8 3 24 25 45 39 46 17 43 2 3 18 18 45 37 33 48 6 2 4 29 11 4 44 25 11 14 31 18 44 41 47 39 6 
27 5 21 8 33 36 5 22 36 23 22 42 29 46 22 39 13 22 3 7 43 28 33 14 8 5 2 49 13 22 26 26 13 8 23 20 7 4 26 47 31 0 36 22 8 8 40 42 11 32 21 1 11 32 0 45 42 38 31 7 47 10 16 37 22 7 24 22 13 27 3 31 2 32 38 27 1 10 9 22 34 7 12 17 17 9 23 11 18 41 28 13 27 3 19 48 43 20 41 19 
27 16 18 42 17 38 14 39 33 16 9 44 35 9 49 14 48 38 42 31 10 46 1 23 35 22 47 20 10 17 39 24 21 2 40 4 23 48 40 6 46 25 30 15 46 36 0 40 2 39 8 49 26 43 46 14 49 32 35 44 4 38 49 8 4 22 41 36 41 28 9 41 38 12 4 11 2 22 28 8 11 49 27 43 19 0 5 49 33 42 14 47 26 35 14 11 38 14 5 37 
10 39 6 9 1 23 36 44 13 38 4 26 36 45 48 14 28 40 42 21 27 28 28 30 19 49 40 15 19 24 32 35 31 2 39 39 26 3 34 15 28 33 46 19 6 44 48 35 4 10 38 23 25 26 29 49 43 20 13 1 40 13 35 10 9 26 26 47 49 21 16 3 24 37 31 12 28 47 1 48 32 15 43 12 42 45 20 46 45 47 42 32 10 42 36 5 6 41 37 22 
41 6 3 0 17 21 15 6 19 12 41 11 41 34 13 26 9 29 21 15 17 45 26 17 18 9 32 47 23 49 36 23 15 47 44 14 36 2 12 25 48 32 40 31 12 40 47 21 32 35 31 35 2 4 34 5 8 39 45 31 7 27 11 42 37 34 18 38 30 15 14 39 9 17 27 21 2 38 2 23 9 3 8 21 37 27 11 12 20 0 46 49 2 4 42 11 46 44 45 33 
14 15 4 16 17 35 49 9 45 22 38 31 33 45 0 1 29 28 0 38 25 45 22 0 32 35 36 13 1 26 28 44 4 44 7 30 8 1 5 21 30 36 20 44 44 6 9 45 30 3 3 6 26 35 28 0 5 26 37 38 34 5 43 36 20 40 34 20 7 4 12 28 15 10 40 19 30 35 35 22 15 47 5 23 11 20 7 3 11 44 24 19 49 9 19 45 40 13 35 26 
18 30 14 16 25 5 10 37 18 8 43 38 24 27 46 3 22 43 44 5 41 24 13 3 10 18 16 35 36 18 4 10 3 24 12 34 3 2 2 41 28 30 5 40 14 37 25 48 10 17 18 37 48 23 27 22 38 9 36 34 0 12 35 4 29 32 9 14 45 41 43 2 30 25 1 36 12 29 45 14 7 23 35 45 20 19 32 20 27 1 7 21 25 7 14 19 14 0 47 48 
24 18 0 36 1 42 46 38 28 38 35 48 13 42 6 5 21 22 20 33 35 32 5 0 17 33 15 0 9 22 16 21 49 44 30 23 0 13 37 36 19 49 0 7 0 44 33 17 12 49 27 13 47 36 11 24 41 4 42 34 22 13 34 40 49 46 8 14 49 16 13 23 33 44 35 11 40 22 46 26 2 31 41 33 6 24 21 28 36 29 22 39 40 21 19 29 13 20 34 35 
22 3 38 0 39 11 19 18 17 13 39 7 40 36 49 32 39 4 34 7 22 44 5 27 20 12 34 29 18 30 14 16 46 2 28 43 40 4 16 17 31 45 23 36 14 44 33 6 45 26 24 25 34 0 9 33 14 38 49 44 35 49 43 43 3 26 46 28 17 0 46 2 2 6 46 25 18 31 17 9 25 22 22 4 4 49 27 42 17 3 22 21 21 48 39 30 9 29 44 32 
13 30 18 46 46 28 41 19 5 0 30 33 9 43 40 8 16 26 17 0 28 23 20 19 44 42 33 17 13 32 27 46 39 28 3 21 15 45 23 4 15 9 35 36 24 35 15 14 13 39 38 7 44 19 20 23 18 4 4 23 8 17 18 23 37 42 7 36 21 36 35 37 49 13 43 37 32 45 7 14 15 33 46 32 5 12 36 6 2 7 45 3 17 27 10 44 24 12 6 46 
5 49 15 13 8 17 13 48 17 48 5 36 9 7 10 41 27 44 48 46 26 25 16 39 0 48 1 48 14 44 23 35 37 22 33 28 13 22 38 20 43 36 33 15 13 37 3 39 21 17 6 11 35 29 0 26 16 39 17 8 5 42 1 30 3 10 8 21 21 26 25 42 30 39 36 26 25 43 31 48 22 48 18 44 9 23 6 28 7 18 10 33 36 4 35 38 34 43 28 16 
0 15 13 13 46 42 8 24 43 25 46 44 21 12 25 45 23 22 38 33 11 20 36 9 23 36 7 18 40 7 23 8 0 31 25 40 14 9 49 38 47 46 2 30 49 5 12 42 16 2 22 28 44 46 37 45 8 40 44 23 38 8 24 43 4 21 46 20 45 6 47 38 3 26 46 38 0 22 10 15 27 47 11 23 42 1 15 36 47 18 19 5 42 15 46 11 45 18 10 48 
44 37 46 44 30 40 5 46 33 43 17 9 43 8 21 48 33 39 38 36 20 9 42 14 23 35 39 14 2 6 5 37 6 47 23 40 23 9 20 28 20 42 15 31 27 34 13 2 8 23 23 8 24 18 27 22 19 48 8 6 24 14 12 26 41 32 49 6 43 39 31 48 39 9 7 17 7 40 13 43 9 30 31 29 1 11 15 31 14 14 20 5 36 9 49 3 26 1 12 44 
38 41 8 3 6 2 43 25 49 44 43 25 25 49 45 19 4 2 23 19 11 20 36 15 22 2 16 39 44 11 43 2 13 31 16 43 25 1 35 13 33 26 12 20 21 21 37 9 42 45 41 6 8 1 18 24 46 26 9 10 34 2 47 46 13 17 49 22 40 28 37 36 28 3 44 0 37 13 40 38 39 5 29 0 38 29 23 31 27 27 41 5 47 36 3 13 21 38 18 41 
35 23 5 28 48 24 33 7 24 39 23 9 6 30 12 7 49 6 33 7 27 0 47 42 39 34 43 25 42 8 31 23 34 28 33 3 27 20 37 43 41 20 46 9 4 27 4 12 6 36 35 20 33 38 11 18 14 20 11 25 41 38 6 42 41 0 47 29 4 38 3 28 38 17 37 27 34 33 6 47 22 29 9 19 6 0 13 17 18 35 47 43 44 43 6 10 19 11 45 19 
16 24 14 9 32 8 6 33 6 14 14 36 0 37 13 41 20 35 41 44 27 38 49 5 31 14 33 5 25 25 15 48 32 30 49 22 10 24 38 33 49 20 13 37 20 46 16 47 0 14 35 33 5 45 32 37 13 36 16 28 6 2 48 29 25 1 5 21 44 16 7 45 22 12 17 30 2 33 28 8 17 19 5 28 3 14 48 25 3 14 40 18 0 15 43 46 6 26 24 1 
16 21 46 46 18 33 0 41 6 2 29 48 4 2 24 25 25 4 5 10 40 9 17 6 24 2 2 15 5 32 11 19 27 26 47 48 35 22 19 42 36 40 32 8 16 7 12 18 12 27 1 27 26 22 19 28 2 32 33 25 25 33 19 7 44 10 20 46 18 12 28 45 17 28 37 18 41 34 34 40 2 33 17 40 3 48 27 25 28 30 47 48 40 38 37 23 7 30 39 8 
44 35 15 1 38 34 46 19 46 14 0 10 3 43 16 20 33 36 28 32 49 21 38 6 27 7 39 32 0 47 36 1 26 3 17 33 16 23 32 39 14 48 21 48 42 13 9 37 17 22 39 47 39 47 2 40 1 44 14 1 18 12 14 37 42 12 23 28 10 4 16 1 29 27 5 44 35 7 11 46 9 43 2 6 40 46 19 20 11 0 2 22 39 27 41 17 39 22 32 19 
47 33 41 28 15 33 15 35 48 4 47 2 39 39 30 9 14 42 27 47 33 41 46 14 25 4 29 20 40 12 31 16 27 37 39 3 0 29 38 42 15 21 16 6 32 14 33 32 40 40 2 49 42 32 7 38 43 31 30 20 35 10 16 17 29 21 10 25 0 30 16 35 41 23 23 19 2 21 40 18 41 24 45 24 33 24 1 43 38 20 41 35 28 22 46 14 41 20 6 41 
35 17 0 29 40 21 1 0 49 24 36 5 44 24 8 36 18 32 28 3 44 20 46 44 14 14 3 1 20 20 3 19 23 5 41 0 47 40 8 38 13 30 31 29 2 37 19 13 3 41 35 14 4 8 30 27 23 2 13 17 20 42 34 12 13 43 36 42 30 7 28 43 44 26 25 14 45 18 24 19 21 34 6 20 11 20 17 11 11 44 33 24 5 16 31 33 4 42 12 0 
39 16 0 15 40 30 40 8 49 16 16 39 43 24 33 20 8 16 23 20 23 34 31 49 21 21 15 15 20 41 30 40 37 13 9 2 34 36 24 21 31 7 44 49 8 19 4 29 8 16 23 8 37 35 46 1 6 20 31 36 9 8 49 44 41 2 5 43 25 47 4 7 37 9 46 4 13 34 3 8 7 6 9 20 42 35 49 29 16 10 7 19 22 31 40 9 43 28 47 30 
48 17 11 20 22 15 42 15 44 18 7 21 22 8 36 41 12 41 4 28 25 38 25 21 17 0 39 40 11 37 15 44 5 13 27 48 11 10 25 39 10 37 18 28 31 15 16 41 16 45 46 3 34 15 10 45 4 19 26 33 18 38 39 30 16 24 29 38 13 15 39 37 31 28 40 16 44 13 28 38 4 18 10 42 42 9 27 23 41 44 45 46 35 21 7 2 37 1 12 8 
37 45 21 35 29 18 13 29 21 10 46 4 30 38 36 16 8 41 0 4 40 16 32 28 11 36 0 12 19 39 9 29 32 31 28 46 36 25 24 33 18 24 25 33 29 43 14 0 22 31 12 26 29 2 39 26 16 24 45 39 0 0 35 32 30 35 13 21 28 4 7 49 30 48 16 13 4 8 33 16 43 6 28 40 26 26 14 3 30 23 15 17 27 43 9 32 25 7 25 46 
11 12 38 8 12 44 22 48 16 8 15 18 11 36 48 43 18 40 44 39 49 26 13 48 48 31 11 24 1 22 26 49 4 23 7 47 34 45 12 37 11 23 12 30 12 36 4 48 39 7 14 25 39 24 6 33 8 43 41 4 13 18 11 16 31 28 36 34 42 18 0 39 9 46 3 49 39 32 9 14 6 26 24 49 46 12 46 30 40 4 27 2 26 36 4 12 40 28 26 19 
16 42 49 48 0 2 28 17 14 23 21 42 29 9 39 10 36 40 36 2 15 31 38 49 28 17 38 38 29 44 9 28 49 11 30 34 10 44 34 31 19 15 49 14 27 35 10 6 33 22 41 40 16 31 8 7 19 41 14 28 15 43 2 3 29 23 12 20 6 27 32 7 37 10 47 1 14 18 47 14 0 34 14 7 0 10 9 13 26 36 12 24 40 27 14 18 5 14 35 47 
37 34 40 35 23 38 13 1 6 17 2 39 1 0 33 33 19 48 16 7 13 1 42 40 28 26 21 23 32 21 20 31 12 45 11 7 6 48 5 1 13 0 7 49 40 8 6 38 49 5 41 38 23 49 38 44 9 18 41 26 34 17 34 14 24 12 41 9 47 17 20 2 22 6 37 30 43 1 29 47 18 19 33 23 7 5 31 47 5 10 36 9 6 39 47 25 0 4 26 41 
34 29 33 36 2 49 39 39 7 40 43 11 21 19 35 40 31 43 32 48 20 46 35 41 37 20 35 27 30 39 37 0 44 10 48 2 36 48 38 40 32 38 24 23 0 40 26 34 43 41 42 9 27 2 13 0 12 28 15 3 27 14 2 30 26 37 30 35 8 39 37 41 47 12 32 10 5 16 45 18 12 46 22 25 35 19 42 5 38 1 47 19 29 39 12 47 42 11 0 35 
36 15 34 44 28 8 17 22 34 7 6 5 17 40 7 33 24 22 23 11 42 18 32 43 12 1 14 35 4 29 4 1 10 40 28 6 28 9 37 28 8 41 31 13 14 28 43 49 12 17 19 36 36 24 3 31 13 38 40 2 5 7 23 2 43 45 21 29 7 21 37 38 31 8 23 6 37 18 1 46 30 31 21 44 49 31 27 9 16 27 49 41 0 9 7 43 0 42 8 23 
1 8 42 45 5 8 29 25 16 30 20 26 47 48 20 38 40 22 33 43 24 15 14 10 45 36 24 13 20 17 46 15 27 19 41 13 45 37 23 29 21 9 2 35 7 14 42 14 42 28 24 29 17 42 14 7 35 24 22 32 44 1 0 35 3 5 14 18 36 35 27 11 3 39 40 37 19 9 3 2 10 38 26 33 47 42 0 11 35 22 31 40 28 5 8 45 2 3 19 13 
2 17 4 29 43 44 26 30 46 7 48 6 15 16 33 12 27 18 18 44 47 49 29 6 16 28 49 38 0 46 35 7 28 23 42 16 7 44 32 40 26 4 24 6 37 17 0 49 28 9 38 15 14 6 31 41 23 33 5 33 2 37 1 22 18 11 10 38 41 11 40 28 32 26 49 21 13 45 20 13 14 37 29 46 21 11 23 45 39 29 22 8 36 21 5 15 32 0 2 0 
0 41 21 1 14 17 26 46 44 17 45 24 14 3 31 45 42 25 39 40 13 0 3 29 27 11 14 16 27 29 27 18 49 7 41 14 18 3 28 28 34 29 19 4 10 33 20 36 41 4 19 14 11 27 15 35 30 17 4 31 1 28 32 13 19 9 33 34 39 34 14 24 15 40 25 47 13 5 35 35 43 3 4 24 40 34 38 2 21 29 22 22 2 42 18 14 39 19 31 26 
43 38 6 35 38 25 25 38 2 11 38 44 25 37 4 20 28 7 36 25 0 48 15 20 14 39 9 26 10 23 38 18 48 6 33 8 31 9 39 22 49 11 39 38 22 38 12 18 14 3 23 7 19 17 22 12 10 0 24 32 6 14 15 9 40 8 29 41 20 18 39 30 16 35 41 33 19 48 25 10 32 1 14 3 49 26 28 30 42 31 2 48 38 11 19 3 19 19 40 46 
8 19 4 27 7 44 32 18 38 29 27 19 30 36 0 15 17 41 37 33 31 14 28 32 20 15 21 12 43 45 29 48 45 27 44 43 22 11 25 7 38 0 17 24 49 43 14 46 4 13 23 22 36 4 41 10 4 22 30 38 13 40 22 4 7 46 1 14 34 3 28 39 26 11 43 28 36 47 30 6 5 14 44 5 25 4 21 31 40 18 36 41 35 37 22 6 9 47 14 5 
38 31 12 33 17 36 41 18 41 36 11 33 26 42 30 47 10 40 45 8 32 14 46 9 26 13 0 34 22 40 32 44 49 48 8 9 43 32 26 35 7 26 24 12 16 33 31 43 49 37 46 29 39 10 41 33 14 32 14 37 4 12 23 12 21 6 40 20 45 17 8 17 0 19 3 12 5 3 39 15 35 0 45 40 45 4 48 27 49 49 40 26 36 38 30 11 43 48 46 8 
40 6 30 21 30 24 5 19 25 34 4 15 3 8 29 8 12 25 41 26 12 23 30 9 24 48 17 36 26 38 40 38 41 32 6 24 2 31 23 10 18 27 12 26 35 42 34 28 19 37 7 8 30 28 36 28 42 3 32 20 19 41 10 33 13 11 47 30 5 46 10 35 17 36 35 0 33 20 47 37 24 16 1 37 43 35 10 14 47 4 28 16 21 45 44 34 15 23 21 38 
2 13 2 11 38 10 30 28 48 17 44 49 49 40 24 28 40 2 35 44 34 11 9 11 19 11 9 7 0 22 15 1 42 11 21 41 14 47 15 13 15 31 24 31 10 16 0 17 40 0 12 27 29 34 43 37 35 3 16 26 27 9 43 31 45 34 12 15 47 37 1 18 8 6 28 39 4 13 2 10 0 19 34 19 25 42 40 1 11 46 40 14 45 36 10 42 6 32 28 15 
5 16 18 49 7 41 40 9 32 14 19 37 36 43 19 1 4 34 47 27 1 35 9 40 46 47 15 14 22 38 30 34 44 32 8 12 48 1 44 1 10 16 1 48 6 17 4 9 1 25 31 36 16 33 29 37 22 20 29 18 45 4 7 10 6 33 35 45 38 48 13 15 28 37 19 9 30 1 42 14 0 20 20 30 13 43 36 36 44 34 36 48 4 21 40 18 41 44 30 10 
41 35 42 19 30 5 47 40 13 11 46 26 42 41 15 7 25 28 43 33 30 25 11 16 42 22 3 33 33 4 35 25 37 18 46 17 28 47 6 45 19 33 37 27 35 45 0 43 0 46 4 2 2 45 24 11 2 32 25 9 13 27 20 24 46 13 7 34 39 19 12 24 7 6 2 31 47 42 43 17 30 9 23 17 21 21 3 22 18 45 30 16 46 15 18 48 35 36 6 4 
13 41 18 24 41 17 12 30 42 31 0 35 37 5 42 4 44 44 34 38 7 4 9 4 7 37 9 37 38 38 14 35 17 41 3 48 21 20 48 40 46 5 30 11 26 28 3 9 5 1 8 28 20 2 13 47 49 6 19 18 7 29 5 41 13 22 4 9 42 21 25 3 48 14 17 7 7 38 3 14 46 5 13 4 8 17 31 47 30 14 25 10 35 19 44 33 28 1 22 36 
7 0 13 22 7 24 23 13 28 47 38 17 20 1 12 49 9 16 46 47 44 0 12 25 9 20 28 8 17 29 40 2 34 2 22 31 40 35 9 29 4 44 35 9 48 4 5 35 20 35 37 35 35 7 49 38 19 48 21 44 39 9 1 15 0 47 27 3 28 16 1 10 23 16 12 30 0 46 11 13 11 48 35 4 25 1 38 2 26 30 14 23 10 42 8 14 30 42 27 11 
21 2 47 39 20 43 18 21 43 39 31 36 0 39 33 46 20 22 38 36 4 14 30 5 29 29 41 7 8 22 36 21 21 42 31 33 39 14 49 37 27 28 33 37 12 9 10 44 48 45 42 43 33 34 15 2 36 29 40 0 37 36 45 23 12 27 35 22 28 11 32 49 33 39 43 20 38 29 47 2 8 23 11 48 28 28 36 13 23 17 10 0 40 44 31 9 40 37 31 29 
28 26 28 21 23 34 22 47 12 45 45 8 46 23 36 28 21 12 43 10 1 42 19 2 15 5 45 43 31 41 36 30 2 44 28 36 6 14 42 27 49 48 40 30 46 8 48 31 35 42 22 6 15 28 22 37 1 6 20 19 11 18 43 8 28 20 37 10 2 36 25 26 5 38 49 34 34 9 45 0 14 41 4 0 24 0 23 46 28 39 11 1 14 18 28 47 22 24 1 24 
31 35 46 18 45 30 41 41 24 6 25 45 1 29 26 24 4 45 15 42 5 3 4 2 2 38 10 27 35 11 27 6 9 3 6 35 23 2 18 15 8 31 17 34 37 7 4 0 14 8 28 10 20 46 40 3 17 8 49 6 1 22 21 29 3 28 26 47 18 5 39 46 8 36 11 46 42 8 29 29 34 35 29 29 5 11 3 15 40 11 4 2 4 22 30 11 19 12 36 37 
0 49 23 3 33 13 27 43 45 34 32 46 9 29 48 5 7 30 18 9 40 26 48 1 21 31 22 5 36 36 6 21 36 48 19 48 33 22 26 8 22 19 17 31 43 37 23 20 32 25 26 14 11 10 10 13 47 41 7 34 0 20 49 37 8 1 36 38 24 7 24 18 21 0 40 48 25 5 30 20 37 30 37 32 17 40 42 33 42 25 18 47 14 11 14 12 8 36 9 10 
1 25 43 13 25 40 8 28 13 22 17 10 32 28 34 17 7 39 22 38 49 30 20 4 37 25 22 45 24 16 21 39 38 1 37 22 16 27 33 49 44 14 33 22 10 31 24 45 26 2 32 14 35 33 33 31 35 37 2 18 43 6 21 23 18 41 7 0 0 1 28 36 19 26 13 45 20 34 6 19 29 14 19 38 31 29 7 44 29 4 43 32 41 11 11 43 15 42 2 44 
14 46 41 0 7 7 6 15 5 34 13 0 1 47 34 23 46 25 42 13 42 2 43 4 0 9 23 25 0 9 8 37 38 20 26 8 16 9 31 31 9 19 47 21 17 30 0 41 37 46 26 14 29 12 5 25 19 10 13 47 34 12 14 10 1 15 43 6 26 35 17 7 23 47 5 9 16 45 39 33 9 16 35 29 17 48 29 5 26 6 0 12 11 26 18 19 30 42 28 44 
21 47 36 44 30 15 37 12 23 36 42 9 29 34 20 45 24 45 16 12 47 44 12 45 42 29 1 14 41 36 7 49 18 21 40 11 12 5 0 14 34 23 8 8 46 43 11 47 23 7 34 17 4 45 49 4 18 14 44 28 4 43 35 40 46 18 46 16 45 15 14 49 45 41 28 29 8 46 49 38 36 28 28 23 27 46 17 2 40 23 16 14 20 28 20 39 12 11 1 17 
27 49 38 27 28 43 38 24 13 49 37 38 11 38 21 10 37 46 16 47 23 41 27 32 46 4 16 12 13 23 46 1 14 20 22 27 30 14 39 39 10 8 16 26 38 37 1 1 14 29 25 28 10 19 36 12 25 3 44 15 41 34 36 2 9 21 32 32 29 2 15 4 43 9 31 41 46 27 27 2 0 13 4 0 7 46 30 30 29 6 8 5 39 16 45 31 49 40 37 21 
36 36 20 15 27 8 30 46 27 36 21 12 8 14 16 18 6 8 15 17 4 11 28 48 20 47 27 25 41 13 28 4 19 49 39 0 30 17 31 34 16 15 9 40 42 29 47 35 45 8 16 2 26 11 0 1 42 21 7 18 39 4 4 28 39 25 36 12 34 15 8 35 27 46 29 23 20 14 47 11 20 31 39 8 18 42 37 17 47 24 22 13 5 27 26 0 25 9 20 27 
15 49 14 41 44 10 20 29 21 3 3 26 44 40 9 46 25 49 12 7 5 23 8 13 24 29 43 13 18 37 8 36 22 2 19 10 11 21 36 27 8 20 31 0 39 27 40 3 23 12 21 11 27 23 1 11 5 37 48 0 19 40 5 1 8 11 12 12 40 8 42 20 43 44 3 15 34 30 5 42 31 17 39 22 0 17 38 34 26 10 43 24 6 49 0 27 6 39 5 48 
27 22 45 2 20 8 18 21 40 8 1 19 3 6 30 6 3 45 12 2 12 17 2 0 49 21 47 24 21 7 43 45 2 39 28 18 2 38 3 3 30 38 2 7 14 48 26 7 9 42 37 30 5 36 14 22 46 6 15 11 30 13 4 35 30 43 22 39 40 16 3 32 25 30 38 44 49 47 36 14 30 36 42 43 44 4 8 3 21 32 10 10 27 12 6 19 4 11 30 2 
7 7 25 10 44 12 14 11 0 19 13 10 21 20 34 49 19 34 34 34 35 18 14 6 21 5 4 13 47 21 29 21 32 22 10 11 4 20 37 29 26 2 7 13 1 13 38 40 44 19 27 36 12 48 22 23 4 20 6 17 18 33 17 45 36 4 21 25 8 45 36 1 39 14 3 17 14 20 15 12 24 26 48 44 23 44 1 13 35 6 8 43 45 7 41 25 29 37 42 13 
19 32 34 3 45 10 33 6 39 5 19 48 9 28 23 39 45 37 37 47 15 48 43 18 0 9 33 32 25 22 46 32 35 38 24 16 21 7 21 3 45 8 42 11 18 27 9 42 18 1 41 42 22 11 20 31 22 26 45 37 36 1 25 37 39 5 45 29 22 38 18 49 47 39 0 21 29 11 44 35 47 20 15 2 4 36 25 13 37 28 15 36 32 4 2 8 26 20 44 20 
29 26 6 6 28 5 27 47 22 20 10 4 29 33 38 31 12 2 38 43 34 18 47 3 10 28 16 18 1 21 24 32 11 7 25 31 10 8 13 0 47 45 33 37 17 17 19 5 39 28 37 14 37 44 5 41 3 25 48 30 17 35 17 43 9 6 38 23 8 16 11 8 25 43 13 24 15 22 18 27 33 43 16 25 36 37 11 13 13 42 42 49 37 31 3 4 31 38 25 10 
3 29 22 42 12 46 37 16 12 1 35 41 29 22 36 27 5 37 32 2 42 35 12 20 38 21 13 19 16 34 26 34 2 9 45 33 11 47 19 6 18 10 10 37 21 41 0 21 4 43 41 37 9 6 19 37 22 22 15 31 8 33 38 7 38 14 8 23 28 48 35 34 32 31 46 34 3 45 29 0 26 37 29 38 23 49 8 32 28 39 42 10 49 2 17 41 18 23 5 1 
