10000
11992
98738
38182
90145
34016
64353
31367
36005
17542
57585
23244
99827
53408
88768
4782
96466
27779
76860
83129
21268
58838
82184
20402
94633
91400
89201
36220
33707
82641
12431
39405
22850
86684
64605
78863
32560
24846
88424
36228
11214
40542
75700
9207
94990
34569
26441
12877
38867
11351
36950
71342
11253
92793
49041
17029
10482
64660
62072
47438
89056
80554
61585
99924
67486
34800
5463
79970
84053
35522
32847
47221
27512
72430
12694
88282
53768
35144
696
22715
26739
78690
153
67515
93867
91409
95674
58578
57055
81823
99423
19683
34951
17530
73514
78872
76108
6563
35786
56704
24167
40268
80654
20052
47893
8494
93544
7679
33696
26244
58381
79136
49127
54588
4534
2632
32206
82692
68332
64429
68012
29701
75614
13577
65858
9720
42481
12479
41622
61027
63635
16800
85258
20207
82286
3396
14478
68918
83701
8434
37812
28459
6872
44248
84191
87569
37755
55755
26690
74175
18529
3749
8564
37696
34641
66251
9630
43066
42869
21678
57369
63500
92310
50124
52216
14533
7101
50453
74731
3653
78714
81544
7838
86099
87871
70360
97999
90862
28844
2255
98157
77371
90168
20489
34841
83782
35783
30655
36849
6423
30850
87326
45779
28353
67568
23280
684
54504
203
87946
98154
47458
71727
50853
93126
56301
25936
79546
16334
63442
19460
17056
93195
51503
86177
89145
30252
81837
56203
41038
97736
62223
33999
70954
97469
98157
51639
37649
27721
24480
56308
98081
19851
36613
1934
81003
12020
99047
30397
13979
67202
87273
11901
21260
27860
60
66944
92806
10405
46700
23779
47679
80584
67906
38908
73718
37518
92520
10454
7258
8327
65234
64909
68681
97897
44855
51700
56650
59246
68961
19238
62046
74187
88811
7307
45462
41248
67197
72888
14681
21787
58647
36159
96638
64981
30253
6857
82841
83891
44370
31328
8581
52199
96124
94169
25623
24122
90659
92736
93044
19596
56473
64773
62914
97916
43785
70353
12240
70984
62984
24196
70734
33746
4145
76828
64430
80617
44059
12055
62967
41672
16394
58521
43585
52322
56344
99205
52158
24543
52319
48110
8214
77925
9199
91536
79146
87236
13384
20103
77547
97775
36984
17302
21541
97672
82741
91593
14115
28191
43857
54719
85086
25939
23790
56503
20943
18562
19442
99377
3297
79204
30410
54919
85217
25586
80109
56488
81187
29155
68869
30634
20619
20642
72892
55731
40168
57431
7538
35798
45181
51747
66909
2241
81386
1817
98937
66551
91644
98338
89720
21688
58404
10955
39721
94669
90348
77070
37083
93053
99428
16493
56762
17127
38542
31248
23897
12602
19058
83224
74001
61136
71697
89099
9985
28777
55533
3543
70470
33993
47942
55973
30870
76138
70324
83317
99629
1386
39558
1603
30238
30592
1658
35596
67420
93654
35318
14442
96802
65211
21858
48227
68537
49023
73550
42642
56975
61535
21937
57076
11140
32058
85015
20619
81078
99358
92180
38703
90769
732
18071
69537
95121
75675
81091
73851
97301
74115
573
63625
61586
33615
73357
77799
3905
71894
14301
75200
47284
15057
61333
85670
62323
23508
67601
28269
10337
71230
43372
87277
75863
90734
56342
57853
5032
84907
72513
77373
46439
95816
45546
16790
57664
46562
53916
59014
73221
607
43041
28301
46423
89453
19007
8553
42293
81866
72922
30834
24766
98482
71704
51567
56649
58608
66937
4783
18258
40010
60711
50027
75944
32741
21314
73063
86411
11170
48047
40821
39390
72619
40006
6967
12298
41257
60552
54556
33832
53005
79855
71141
89626
15705
21397
14081
61575
20251
61664
34200
36729
2821
25253
12548
1492
91929
23709
6409
29048
45541
18234
59025
46658
90065
4232
66502
28967
90217
72563
19849
50733
53162
58026
50732
41106
12301
99673
2892
49312
29635
34705
73803
78697
47130
43271
37170
11551
8754
88663
90158
27441
91009
41171
61640
60124
30249
41245
41504
31974
99027
48078
16412
84018
8557
16981
27547
36067
30534
21384
57518
95809
58769
49015
54989
96611
18092
72933
9442
93099
59015
87278
37604
31424
30296
30822
9585
71515
6431
75651
36867
39491
21633
71842
43050
73811
25620
83681
92441
47691
6165
88048
80504
41206
11544
73583
17673
78395
74097
27042
97028
64317
58481
84926
69130
67249
33071
2647
35435
29608
38831
99808
66273
11373
66225
52263
62853
2453
88578
38381
28679
83678
86960
46575
52438
3150
9442
62470
55152
75107
73260
51919
13051
28110
24943
84571
90468
71912
49817
33954
7417
19402
26365
96946
86430
88761
55659
76197
13583
39102
82648
78355
34800
42325
37247
27336
39941
48139
81125
66364
8006
73324
25245
91001
50530
33593
14981
24051
91831
68548
44554
48069
38706
16823
64874
62225
61978
76496
96546
70003
83177
92074
47369
96603
13336
11885
61641
74728
47635
87287
33330
39750
13564
13859
61255
29617
9766
8286
31313
34727
81560
78454
64696
57865
36502
64910
87994
70757
31514
34673
96004
86937
92490
94286
27321
63800
37626
57608
28962
74403
78718
88910
76673
78414
52772
8512
95935
29758
66621
44367
32668
91911
57416
75745
69439
70461
91122
67132
96146
52316
64291
2492
45177
11583
65084
42628
71985
85001
90424
9816
74673
19572
52296
73033
44921
89810
68213
77484
10647
40706
64870
17017
47349
74600
22667
20499
336
10810
94974
41519
76965
80384
38411
97525
57740
30367
92036
71508
89762
88987
40091
77003
82998
79253
96701
816
89211
24278
95152
37522
98105
5207
44735
36263
38971
25762
79113
4058
71791
86705
80037
76634
73303
21170
79396
1802
38976
40146
65419
18678
88895
81148
69301
65402
996
39708
65902
21192
12338
92326
17577
8019
87377
75604
14126
11746
73114
66557
49691
92997
65987
31504
73478
97731
81057
37573
54055
59056
2059
51028
13021
21871
23411
96689
1310
33055
4430
49550
96050
53304
50097
35547
84644
12908
91652
9647
20560
80659
33914
47607
31070
268
10147
24460
89378
31132
88554
88978
95410
36256
37443
68167
78307
48912
27930
45627
31934
57932
24987
6447
27976
62225
94288
87311
71251
61519
54610
14586
33382
86146
67207
42025
95086
81622
89742
37927
28448
39502
33726
65927
59461
25577
64672
74412
24097
69013
57561
76542
56830
62567
75048
47823
76557
85325
42958
68258
64699
68565
11034
76685
64372
91243
15596
70464
93016
88983
61375
97612
71382
58783
98342
36453
96765
32923
11390
30194
91865
17161
18854
52324
41336
75683
91124
92217
240
79855
3679
41869
55612
70623
62746
66243
83196
17906
55881
2674
81506
88640
79951
68014
26507
98578
2785
38028
70258
16551
19828
57795
9857
91915
75570
62601
51213
6481
69731
78931
4436
72458
96624
42766
32455
74790
90513
6825
8922
4376
99224
2025
88380
73338
78527
38359
94503
31682
20927
78095
64628
78143
60762
86505
93643
47219
30175
27809
40084
38047
64469
25875
6647
29463
21957
50567
65670
45533
20637
58978
29951
15437
32015
95627
14946
74317
11427
49370
94650
14577
75173
78118
52385
64436
40366
43187
16088
33037
34483
71209
60656
44538
63700
3624
85830
65143
77829
13591
84211
60743
4245
71088
15396
66219
42610
68121
17627
33444
39588
99117
92973
35139
28555
19124
12856
33450
37009
76518
16164
97322
33600
77563
48338
90660
90191
91203
13503
56824
97489
87357
67115
93754
75229
49218
41205
55011
78026
31439
68257
62304
77580
85093
1787
2149
25837
35533
37689
36254
36347
89074
15515
55540
94834
74538
71386
49221
37270
76988
17013
12777
72874
14200
22868
44287
85844
17043
42521
66967
39277
8031
12058
83414
12699
79145
78333
43871
28442
73156
98679
22621
90348
77601
57775
98918
83017
85818
33874
61032
28080
12040
88268
88077
1433
86635
70588
2757
2909
55054
82084
1416
58027
30383
53902
43407
65876
55350
58451
92534
65277
25338
97435
34275
94694
2293
46179
22007
2236
86142
93116
50955
24755
26285
25948
70714
65925
94469
92062
30380
69705
93241
60721
2759
25258
18414
21774
70804
25174
61869
26877
16484
26478
43916
10300
52922
19883
60587
80582
13020
290
60022
4906
18292
41370
43361
24344
11576
81364
67466
51553
41572
54198
27938
44822
1738
73299
71956
77399
49762
41084
21533
51338
92963
65265
58595
93770
64749
65300
65999
41695
53180
99244
93777
3624
66665
51314
9494
94414
72564
42800
58486
60804
9995
75109
24892
36706
90405
33985
15294
1051
36459
47072
55062
44884
32348
16961
52186
49156
14223
25407
90212
1555
88975
93494
16355
16158
65350
26334
7168
31568
66530
19454
52376
26298
27181
49075
38192
87710
91069
34957
84230
90785
89113
42502
79671
30966
30384
7720
29023
36413
35489
92296
83807
55027
47356
29262
51009
64942
39135
57637
64895
79452
12499
27652
48086
91316
21332
88221
21061
84860
66066
1911
19855
81736
95527
34332
87235
75570
42734
83394
43814
89518
37047
58947
78556
46361
10114
13621
87952
32768
10285
25629
50057
15689
8684
15221
10963
24374
4023
82251
53638
28540
46111
7327
29761
5002
70897
73153
79390
18280
60064
67595
14782
82557
66482
52675
97485
41678
98523
26423
45785
14150
94857
8119
44532
76758
41694
7645
30803
99105
27390
973
80740
21769
92100
70123
29450
94528
24287
26269
72821
44624
79204
28686
54167
755
12486
83903
23295
14710
8450
42818
7915
59728
96199
45432
79069
50048
80969
11673
91684
84171
92608
37168
62007
35010
63371
97832
65530
93868
32499
76199
66714
27018
45647
17585
42587
73412
33402
99311
23263
46856
80890
67238
93215
69686
50115
88905
59705
86422
7973
85612
5753
67341
58389
82139
15708
85596
63612
95166
48106
99680
54255
85101
76878
11475
40505
44601
7760
65903
43183
75054
12847
22747
12909
52826
9699
43165
30651
63257
50085
53006
93655
77310
17773
33946
2092
8681
99884
58081
76262
50906
70482
83954
71281
3504
88139
41797
33576
78326
5257
58190
35080
1008
92764
77720
6294
84361
50492
92583
18719
57562
53047
91712
79709
66526
83520
74261
35947
19917
6275
6193
84467
88434
65670
48029
153
40576
29985
23722
8459
68957
48004
43143
41224
61097
63126
71914
13612
36138
16893
80101
30515
80951
76545
93988
43670
53520
65333
34253
72704
79384
43329
6421
41345
25833
8069
8805
10507
97197
24127
27790
36878
82435
85755
73456
1590
16198
1163
17666
38624
827
75465
83625
97155
43079
44817
17990
83555
15483
44502
22997
22994
1702
38787
859
57807
65052
28035
73767
33390
85224
71183
61732
24972
90452
70613
24638
31570
76343
64610
42096
24382
3163
29053
37776
84151
76873
80503
77190
50843
68097
20042
54185
9829
5973
33708
32411
20607
73225
71063
92450
63913
96005
84540
86662
48106
83229
23839
58098
87683
3953
46742
50848
75763
44317
97997
22393
44400
25986
62517
35103
21835
76632
18938
18232
90754
15100
78873
24301
34887
59492
2953
87982
3433
91415
52744
65518
6351
63855
69063
53739
99166
78602
53184
97688
38153
4924
65475
17331
60189
71230
81645
20450
93165
90927
56986
61994
9797
52082
86081
13295
30191
33110
81152
85207
94877
70344
30181
74325
96213
83571
89454
37704
6625
94612
82091
84093
76486
48841
80239
64375
10573
43978
7674
16103
82193
41666
92590
31807
41866
96603
60568
65730
269
61295
73958
47776
48838
55244
39582
12349
48078
61117
69448
72862
36680
87611
75327
88696
17562
52595
68632
52159
27925
74905
82183
2704
60008
30432
66933
42102
87136
24064
96802
67919
60580
73194
57309
42187
95882
93752
75772
47168
19454
94595
82937
2834
4675
53021
30038
98756
68815
5707
99763
87136
91595
15472
75220
29082
86263
89814
53502
73473
54178
63949
80595
30173
78597
43091
97430
12388
9137
94323
24637
52616
89858
72249
69970
20564
46126
99102
17310
13137
29435
60373
96153
73812
38699
49393
59511
43623
85263
10606
40345
48772
40319
35737
64713
45905
15885
5505
19197
2663
94038
87005
57269
34216
17690
19678
21282
85303
97337
47055
2880
79839
78687
76117
97160
79852
4424
30424
53813
69659
5740
94408
9996
72542
36054
45772
3513
95064
20226
75572
3298
89020
2952
992
74270
78346
82212
34863
41775
18610
19063
28267
6649
3282
60846
19136
72853
57185
53034
67702
28606
13184
24448
61089
46829
1805
30909
46031
24032
45916
7023
89167
11456
9529
9961
27378
79299
65725
5648
73985
31645
44286
84189
97833
28076
30648
66332
13129
83103
31932
12974
48637
41612
18781
82755
17899
39531
53023
14832
29671
34948
48971
68872
85205
10936
70626
75154
32644
68304
86460
12738
15446
9704
83881
19005
68709
20671
55532
92257
45478
47808
60196
67066
88211
39390
31499
27828
78926
81000
88750
63534
52034
45282
54111
78130
3104
55732
38189
70319
52291
707
46244
54399
46628
5456
98549
93878
92872
91096
32538
70468
10896
15266
12079
50316
85348
69653
8903
75631
60944
47094
76375
85983
10338
29303
80036
76316
93682
87381
18139
17746
77730
30703
53745
5891
50902
9114
5193
29792
43598
28364
25951
68414
95987
58384
65404
25455
67331
83230
23875
11303
71057
14554
22839
7391
12903
95137
96636
83333
2329
11700
40559
40951
60503
26021
75200
52441
93077
43956
78271
96534
60148
76371
62211
6178
50733
40444
86555
61695
23454
35186
12289
33956
1184
18145
87566
62329
29940
5259
48999
93789
86995
68041
40541
26887
74751
88932
92732
20922
67423
39559
24278
62967
64583
24885
32346
35944
97069
99102
62170
62001
99762
66544
64251
50013
87931
14165
74887
87607
25403
96172
56529
51374
84679
88254
63600
28006
73600
16538
47349
56886
68160
5340
53357
83499
88665
91412
18715
39316
38935
28802
87616
74750
26904
60716
79754
6873
3920
99651
27668
48719
75385
54499
71658
44388
20199
48615
54782
13875
94944
86243
82682
43768
92180
91156
82998
99315
58459
98297
90179
12881
68117
28657
73553
90951
18554
56853
78624
33555
61504
35934
31363
26901
99134
68294
87497
93459
64825
51461
97536
7670
47466
55605
2680
57762
5039
49653
20223
9207
70292
88241
76553
23484
34837
29889
28042
65367
80002
25816
8935
64440
51600
85866
89203
7514
23040
9028
26743
32121
38044
30805
13943
79043
53488
65190
43714
27189
23615
51476
59111
34226
63169
4042
63337
39911
65401
14501
19343
66732
37335
60496
42284
23830
28197
33436
15312
48814
526
29821
60225
68250
22939
22754
8764
58051
34957
53266
20138
12716
54511
29491
22989
79941
89247
4914
34320
90465
53292
26098
72712
793
24297
75234
8296
35973
96067
99591
39978
94858
12739
76034
88608
39648
97968
84702
99435
57689
51814
8884
18514
78090
35203
17047
14560
13526
70865
16141
688
10169
90229
83997
49134
94554
9340
20825
36341
91865
49022
60095
72419
1817
56629
49045
79217
93401
37463
56130
209
10790
3656
45090
13797
68810
76151
74853
63192
37658
80717
88054
37486
25239
80660
14518
83745
8445
54179
40346
20037
76520
54336
42004
23888
74062
32844
59101
97433
37020
45922
84163
25932
45767
96860
5170
558
23496
32937
49303
80467
96120
23636
92945
33410
13715
18520
27190
18238
4972
94077
80186
24672
34227
71627
63122
65368
47557
17685
97114
97674
21188
60457
45008
60426
60430
18467
93423
8757
92036
89282
9833
38362
12761
10894
38577
6405
81025
5203
75457
51525
73606
17919
93638
38145
90610
74722
59310
32263
53240
92869
72278
6034
31620
85562
64220
72972
50837
29100
26716
78068
9550
10147
78201
77624
3177
77940
15176
69990
21322
92958
95877
28794
85092
82926
26891
59350
20769
5049
73167
62151
7645
37379
81869
1505
56133
7579
99313
78080
15143
17453
87945
45458
77772
87872
32837
93829
31074
45241
57571
61765
14587
4570
99730
63101
65408
31477
53944
97784
16799
72601
39012
71044
21175
83556
8834
35354
58874
33089
69365
31570
35154
32565
10648
1031
32205
86406
58590
40807
59969
77735
78437
68138
63723
13962
22050
50439
57637
99368
50799
44221
86524
4858
27954
11147
10623
17238
66991
19035
17840
13547
7876
53970
70187
16115
65343
1374
6378
89214
1841
78090
29152
65877
66225
61253
46563
27028
65479
71922
17040
36451
86908
12475
40043
55874
43244
38186
12981
66386
40030
62511
21749
13026
25725
86681
73920
85626
65731
89883
40189
60364
7485
63749
44997
2932
50776
1318
13694
48143
32819
69176
52225
67862
4420
60774
33821
11440
53357
89920
78074
45634
7938
32570
79115
66458
70632
58991
79517
36553
95349
77341
74662
10870
19293
69484
21158
74810
90494
19122
53489
66343
98151
63921
72910
49729
75080
51283
40519
67456
55546
47419
64990
98489
48690
44871
67680
17404
45731
66621
29374
23210
23435
3537
29084
76228
93639
89813
87158
32531
54750
13726
18595
49991
38824
84775
39818
62522
14151
27536
85264
83173
59208
90979
94864
11759
67609
28785
59378
92908
44265
69600
817
94990
18074
80280
2311
58456
49766
87056
35447
44010
35266
86330
51091
62671
80311
2495
93320
30247
15836
85862
40566
10118
66446
48772
84219
80145
26831
69335
23001
9226
47308
80459
71070
80369
28156
82600
68831
62521
1272
23853
77054
6635
3296
27562
25607
44765
2393
43891
39059
93835
95557
73540
40523
21229
26968
51330
23082
13812
81331
19316
6572
7236
51321
79883
405
27147
44274
96334
87079
12695
48560
92081
12331
10805
26098
48261
54977
15552
37229
73072
75485
7714
29743
84424
32671
14775
20962
87485
37847
23107
37416
94037
22777
99299
92589
81181
93373
24719
86727
89434
48899
23080
5455
16845
93016
39572
47384
99857
27970
5222
70565
35776
42752
78779
97742
52933
27480
60424
15944
49094
91986
35492
99205
94580
63594
73699
32194
30444
37900
84663
79427
90794
1719
24778
96537
24143
49650
45037
37844
3619
26846
16547
79624
89816
51477
57030
49905
44963
71830
32502
91561
95521
63972
46716
59690
29494
54586
56636
55706
96575
63749
34063
55309
76279
19576
10255
75315
28032
61627
23363
47480
49458
16633
44245
59811
30546
58939
67925
60381
13830
30216
87201
52486
56640
75159
25291
96620
63702
23894
47508
90355
22764
92038
64984
69937
60476
14380
23362
19180
77616
47629
80654
52586
6069
70088
49784
5508
33353
56311
95135
41575
75067
74654
8630
58258
98406
76225
64684
83158
6849
43628
65527
42337
58205
56902
91125
77489
90799
31325
93144
95636
15032
94523
11586
37640
73034
11143
5439
47754
89603
85823
41902
44458
68505
99295
60146
90946
62189
52055
24744
56528
55664
95009
99884
76557
92687
47465
55260
68461
79042
87531
58593
80896
32801
13253
82879
90238
72765
22992
10643
18117
71172
76051
31551
13711
51157
30970
18233
11990
18867
93860
32576
97372
53552
73594
6676
36977
72334
49842
88430
42806
61285
35750
23146
83139
90648
98326
58680
44392
26867
68813
95888
56892
61845
9688
85940
42427
21545
57478
84922
52175
17904
2529
54995
67915
24688
25083
55151
8239
61059
14362
76164
50072
51870
44118
38667
87748
76986
47655
74552
62713
68036
92118
10816
65128
48625
35743
11691
6767
96157
8541
70062
84297
88067
25720
83515
56577
97866
76723
71356
80378
5367
81438
35329
93082
86147
8677
37865
26608
68391
65366
56965
98163
6049
91047
14885
69714
85940
20710
39765
72200
37498
87534
41778
45648
26731
82971
41825
84716
24010
15401
6424
52957
30028
45312
99094
87921
8683
96485
53220
26293
37486
91745
13217
3694
23180
86781
5786
29951
13096
48896
12409
96453
41402
23702
84843
23698
6398
37959
35670
41416
16673
95934
43501
53143
40429
54901
98928
72867
49680
24089
87015
82350
36991
65262
13848
59266
36005
16535
41879
73289
82220
38951
5779
74949
31755
34100
86793
3919
36401
4454
12662
27038
57914
75698
47092
81622
9659
4838
38653
67899
31534
6880
35487
90409
62717
78929
73697
79750
95976
55261
26502
83474
84570
33965
65625
47593
11304
90781
70292
41944
53178
66779
29240
95381
28331
26959
57626
16953
60732
37640
61426
2691
44796
15452
5126
57476
26458
62720
41800
1346
80441
76463
68942
79766
4510
99865
15353
45469
21379
34790
85093
20774
99396
56325
46100
37469
26858
86897
48464
64524
83891
89345
61420
73056
41452
22823
79026
24283
37746
32454
63223
95961
76817
19440
81667
45002
38648
81675
71428
86806
62249
26043
54200
62970
85937
36552
58010
7632
97867
14957
84063
92167
32788
74862
69772
84263
96316
39107
99130
47470
6164
69104
42479
2874
30592
72904
26042
45109
56595
90040
63256
68283
81765
16136
21359
30422
70732
41689
74549
84547
70647
25527
73872
12048
6657
90203
95076
27328
99545
3723
25905
5457
70493
27566
13658
95433
35941
6342
95965
89905
12604
41711
32073
39523
58049
42412
77733
2257
89596
88361
40141
59323
75762
27473
85299
61315
67526
63491
26648
5948
60658
9590
20481
65224
95483
30847
25088
30467
55447
2314
33455
75841
84087
92526
79262
49196
97366
27560
90540
60348
26366
11017
95663
57525
80679
37150
75784
60146
88942
38793
77703
20632
492
24077
91173
47758
32759
46390
96168
36967
43307
67217
75606
33817
67946
6249
3850
3695
16411
88057
85547
80562
92375
76951
7203
94985
58751
2564
68020
46874
36835
6287
77525
45096
64444
50089
64211
60828
72711
28290
64876
9805
78281
24002
14503
71083
43892
45254
44756
86411
41571
8119
52934
17738
83188
36
56
53775
80371
37682
98864
22063
92279
45758
23747
25770
7162
25257
95978
33270
6433
72979
22108
32600
11792
10615
61960
96746
56604
43575
15284
86004
19470
48672
42764
20381
47628
12746
70068
26599
54796
10036
76331
75100
68702
10818
12680
75954
96740
70601
14010
13914
88677
36155
95590
89749
90804
54647
1127
3424
91
15751
28175
51629
44462
70269
56482
33584
84604
59816
20530
20509
91852
98660
93085
17761
116
76128
74749
88924
6104
98838
9133
62784
3127
37796
16785
86870
96426
96863
89913
38797
21402
2526
99708
89581
92640
57681
35227
40943
86184
57136
70709
96180
41475
26090
76047
90076
91747
32682
26411
79898
4921
50712
23874
70314
49108
85811
5966
48003
74627
77228
44434
70312
49894
98346
73577
3801
21314
6841
77419
81181
54749
43363
82038
98026
18109
1511
8482
71252
4395
27262
58989
5804
75435
64867
46092
34183
78481
56080
4638
39623
64034
8174
89481
29982
92222
70965
16449
71378
56250
11137
16755
91826
23220
53228
52379
92613
28717
8702
74672
18260
15242
76103
13527
82890
88708
64315
96201
45928
97568
41242
18942
33603
50431
97587
79463
54069
33722
23039
93594
10169
65062
59417
92589
25555
11028
87177
58845
27692
14904
47451
64524
80803
68699
57512
72369
64201
57619
2573
16585
23931
27215
38123
44183
79751
92830
25238
5567
41566
16058
23203
79156
81511
75188
67608
46894
52665
38390
33178
27186
41687
72745
25189
70131
46271
73646
51665
50801
46416
47501
62138
77084
46803
49835
96485
59532
33581
69466
91737
38697
67592
63435
85032
49581
60397
45935
49862
60890
8432
6270
62245
63905
7099
95276
73135
87713
33053
98163
60425
61328
75135
61777
76104
28607
34089
58335
65680
14790
61392
67135
59298
3658
21815
53471
55890
15036
44044
82454
25031
83768
22950
71324
31956
61571
8555
75639
18294
98123
38735
91744
74047
17313
38112
98553
33095
67320
90410
74941
80308
96339
91770
6873
26779
39800
83064
68528
82837
74124
68035
96294
4789
99922
59617
96865
19060
28954
7679
79444
55746
11492
51339
29281
18136
1769
41753
29209
43359
4925
61390
60593
20899
53289
84283
68735
36095
51661
59770
10291
95323
40083
24524
28054
58605
88379
92273
4096
15633
64716
85121
57289
3015
12190
66009
45832
82117
68866
53645
76096
17995
11145
96268
47797
44689
76658
32071
95016
71725
5514
34550
93061
13334
94367
92590
65515
97370
58865
18487
25356
86834
47711
19034
26812
57203
20608
32900
69401
65781
67999
30413
85490
544
6378
45220
51147
91644
95086
97129
81519
54533
3038
64226
59237
59462
62471
66294
23589
48181
49557
23232
4611
12649
14179
96796
44554
31859
71878
48339
64042
65280
35615
16310
9634
57924
29119
623
16684
9948
7073
14454
36943
47946
41903
2476
24570
7146
43217
71316
26119
7439
53091
43460
91691
53744
33889
78027
40290
24061
91584
71833
21434
69256
30936
97568
31682
25890
25728
35188
31557
97623
30731
41735
34563
31982
80881
8077
83404
34952
29789
44082
8907
86923
68172
73106
658
27826
39305
43095
93763
38957
1228
78169
87174
67
57900
47395
51416
42210
41469
78322
89041
4567
8817
66127
31123
83268
28709
61038
7318
81485
32090
73297
57475
53562
72720
25392
51220
90609
16381
32794
77060
54075
5503
26423
43500
36059
25573
35886
52273
59592
63019
88890
92616
10430
21045
32508
84365
58906
74309
64034
4707
15959
62014
38651
60143
82636
9518
50763
63394
9993
95065
48799
34271
71175
64583
89229
28471
14238
93674
36981
83778
54875
22315
4384
25882
98116
18970
41599
87249
73342
5528
94376
794
89100
80930
88115
43772
3782
92806
32200
59640
11861
95592
15638
72939
67685
88710
95922
27718
75492
20597
9263
82436
68571
7204
59446
73561
73524
75437
45657
35239
27127
36129
86405
78773
39992
57166
14162
14439
89646
16926
96846
53159
71636
36813
66622
85922
46387
99345
10847
45876
28178
37126
2332
67658
20911
97855
85626
63797
75068
91803
36113
86025
42448
34253
29638
71275
95220
37980
64221
97163
65996
36318
57478
96766
93037
78611
30043
30152
65244
73469
24611
11094
46843
90083
76100
51169
31583
20747
64646
87019
11267
26789
49928
20041
9023
52572
49065
83224
3082
53645
18465
59928
33585
55483
52236
57199
43471
4200
64894
14645
33205
43809
24152
38939
92373
52654
93622
30675
26088
36590
69727
15772
75037
5860
93339
7624
33456
79902
56277
37139
59294
79210
37063
75818
12770
98920
78368
59427
5178
91296
66718
19761
20788
6710
45620
9643
48625
43052
18286
27402
30742
42674
52625
78666
26059
130
17754
86889
37881
10656
69815
28800
56332
43947
31248
5197
27275
12020
90066
33778
79514
28893
18850
59584
71412
20435
38086
11952
50431
26419
68958
12306
16073
78160
71107
83607
96891
52595
18752
21041
391
47372
15546
55600
60146
41293
17572
53166
6731
26346
55775
19378
74301
39611
29181
59744
43264
19252
769
14118
51682
99295
30241
46468
69372
8755
6692
89818
19107
10390
94016
84669
76296
26480
35222
99454
26021
93993
8082
94582
7325
37347
84093
13528
54546
25559
39621
71827
66856
62082
13489
97920
86632
20202
96325
49400
40604
82029
15710
2896
58426
17085
69668
83238
29483
29315
33945
65544
27596
45493
24767
64420
87309
630
74006
25031
91782
56869
98376
63893
9018
99231
88074
23308
59200
42909
27673
3028
33401
84904
88538
68433
67598
57754
47756
16713
1554
86010
770
72357
35493
1052
35153
22174
63941
10081
11729
88860
15500
16515
29912
59452
20659
65113
53581
26833
74304
46331
68852
49023
22454
49307
39967
21895
35392
93180
41330
40398
70378
17118
87673
66640
26815
16851
86925
72776
73589
3107
42769
16567
29862
9558
84804
96583
7102
311
18606
96066
94094
16918
88345
38301
95315
40307
42494
15712
69624
50185
61947
91179
6972
20839
75662
37853
48840
60863
57815
69471
33580
66337
42309
45596
20494
71409
10981
6684
24027
33027
31748
77569
72056
8299
89596
47255
33168
44191
30408
22700
55169
51075
32058
91735
38748
96674
42538
43133
49832
31031
81676
88112
33403
62356
22607
33650
42798
73958
49566
87153
25495
67441
9219
55887
58331
89510
48511
62875
44696
20499
75582
44594
53820
29073
2387
14669
39472
14138
29461
94780
63773
93218
73167
44922
7175
76882
91777
33134
47539
88099
15752
29804
60686
1466
63230
55512
56975
4876
9790
9024
28371
16049
64396
91667
5537
23106
24725
31203
79467
95665
66261
18797
70412
25070
55298
15121
26151
25565
50125
43277
13631
11257
42578
4282
57454
74241
87848
74012
78090
36787
92301
36998
52819
81034
26942
86652
78304
35122
13598
77516
30159
12879
74625
54511
80310
64904
76453
70937
75295
36982
14175
81554
72766
96717
43896
19712
14083
80098
26445
44832
63078
82203
68398
75673
71947
14520
75152
11695
33060
32892
11112
37332
76423
32590
61996
76748
68386
88193
12989
96575
62890
91759
26334
42243
39324
66263
8754
51334
57521
94732
88812
69553
8385
59573
11538
44567
47861
12854
91122
58812
25786
71451
79967
43711
96922
20886
19831
86916
68427
27210
84054
222
53631
3218
84283
37427
95718
85163
70995
29320
87584
87644
31468
48481
45820
78483
77650
90283
28467
9277
82119
82151
99896
67233
37685
52078
67715
61757
68976
54309
16853
17043
22432
57993
95197
64213
92312
14198
42286
58720
4996
17484
65406
26014
78835
93615
1546
72645
32228
6913
49727
36886
37708
72153
74110
22062
99306
81397
60348
18991
27349
96736
31201
96931
95722
78422
80087
70129
62583
88802
53544
23128
27848
15280
80112
85217
66973
79570
52830
30253
32003
12829
3699
67877
34764
85218
35372
45350
31540
171
54611
45655
37406
32994
4330
26275
23858
12954
74343
46987
54945
62764
31940
32384
23981
96994
58695
9112
87317
68698
29334
77065
63641
40922
94724
95341
99045
64818
32050
32075
94275
18384
55891
71371
84176
36665
15398
86978
28143
6452
3711
74414
98433
27174
55685
16072
24514
24286
15071
6104
52534
2691
84669
8976
47223
35433
87412
1636
40402
71476
21948
21165
82653
86474
5631
20543
14611
98484
2188
21593
28975
30702
60703
41632
16604
95387
74018
1
51409
92191
96853
27877
20105
72355
60623
23120
86782
59739
18251
49358
66850
30873
39236
32052
15201
20925
82497
27630
81140
30997
45866
53003
93751
14880
86881
53533
31392
57558
93158
93608
6475
80806
3192
44533
79344
33203
80614
19538
67002
64940
61745
70282
38807
45935
24182
32603
60943
36087
34496
17536
17869
29391
35543
65187
88461
71629
112
71672
42208
43320
11348
82419
51100
15678
3185
3141
18264
83243
133
41599
30075
81240
1210
53726
42150
65031
80816
1955
48195
34916
48465
42146
71301
92442
62109
6096
51383
22195
46611
10201
54206
48010
20142
36642
15209
11069
89265
79289
83060
75029
34169
83996
61448
62853
88099
19077
5153
8481
63162
89367
99261
83229
33166
69232
38012
40098
84054
39771
42160
35927
65855
31038
91603
43184
35358
71203
24678
28216
9974
76510
15192
12098
60559
6808
58593
48710
49784
89476
75891
98805
25974
25368
28637
97629
262
4249
37832
65853
47518
19525
20654
94237
87381
23138
72646
70002
38855
95695
59023
23957
34102
37618
52510
84427
59861
32519
82273
21572
46025
16994
37227
22959
7715
12683
75776
16725
52179
30124
84169
71480
15553
62084
94951
81428
44381
97750
87955
98079
72342
67637
86182
88627
92725
95873
46160
90381
50608
90257
91605
21785
26951
34216
34934
79974
86905
36323
55473
60236
50403
68771
83236
70972
83810
27480
54988
50056
79235
73265
19883
78092
95769
24014
26635
52168
39972
73844
61762
78813
56509
75373
90557
29886
94052
77097
69471
27951
15394
19097
20999
62551
89986
4789
4872
27549
51689
34644
23366
54321
18225
63271
50586
49730
28525
16647
49784
72038
23106
31708
95934
75654
31192
10423
96893
31318
89955
47195
60989
66448
99514
40433
3612
88554
983
13736
18122
81825
35835
41393
319
3866
59506
3011
44638
18322
86464
29559
51940
15120
86719
62422
7236
62914
91445
94760
43175
94654
49140
628
2442
42462
10013
58375
83305
39912
94772
75075
65207
62549
83070
45012
87581
72991
90303
13904
98830
65201
85662
35406
25721
71927
49828
99377
52124
47753
16417
61783
15058
70900
94937
72066
246
44116
30324
13824
183
11959
21329
23077
65894
16541
97121
72417
770
89085
76927
68020
52126
44188
75238
56559
65891
25252
18196
83068
4804
47462
84746
90189
77838
87782
3362
92747
40823
13590
29018
54881
25695
62546
17883
59501
95514
55739
5569
71574
95519
71764
92478
27935
76975
36652
67994
57189
92672
41685
7673
36627
43818
7612
7870
72234
99602
85576
43430
41403
98421
71000
11741
47530
27368
15796
78008
41787
32312
62705
58991
36500
81904
920
13152
8938
6426
46251
75673
92772
86872
26399
52952
68978
92430
25120
60782
66646
87440
52839
10626
58110
97941
66862
97419
84997
53821
63098
33073
13868
62580
35890
29710
78474
20048
21545
62106
12444
27384
88961
48411
32467
38578
39903
20479
97328
84178
26198
21754
26165
4443
38422
48944
82667
42409
17810
13691
49005
46327
52713
38699
45124
6649
15729
52194
62725
60565
41418
20913
15356
77250
75577
83495
92237
8177
24305
89606
69814
22279
53631
75475
45002
97187
582
73825
94957
37230
49390
50602
46465
64519
4404
65200
40069
28746
44101
4856
37167
35207
80631
17580
50998
93823
80660
26706
27661
83240
42804
24260
50543
914
76346
29040
82833
85142
68807
41831
53746
90243
24614
87851
53602
56541
78650
11375
96968
57410
68478
39458
69619
48622
75327
62895
22480
653
81894
26973
2278
77872
62605
1449
40456
84673
56552
35127
56340
37422
2428
71854
25971
38296
25093
38412
2675
83106
97928
87788
9712
81449
67110
88601
76182
75335
31195
44657
85280
59188
92369
13212
10962
3242
11688
5827
97574
71089
45824
1339
68133
4764
88438
73868
64211
1566
96030
12718
27732
46144
51716
4386
48114
36952
71709
31438
14459
24641
72768
9085
32700
71634
2994
34194
18387
62679
57152
56554
27079
78744
64787
46154
69597
92435
62548
6268
96732
96670
76119
40752
52538
37368
97805
643
16808
72071
33801
11391
11042
42530
73006
62643
95805
64564
7911
90727
32091
30530
10066
43645
17004
99700
46010
468
65238
1105
83109
62869
62373
48912
73353
78051
91764
51144
62025
22681
58266
50175
53082
98386
44434
17256
59433
72288
85468
25595
61283
78443
21073
62372
57835
30948
20500
11152
18946
97093
73173
49019
30698
94588
35420
54502
52796
87300
29324
7794
28559
6521
60420
30328
43809
82119
25133
45653
86188
40642
62849
85554
98076
53175
72170
94154
96263
23683
32856
78274
41384
79119
66730
75067
22340
12725
99811
58449
34025
72666
15827
54431
45338
16933
11376
80495
62109
24669
10598
74749
22996
78771
72741
83470
93622
81481
41645
30716
59889
60737
74207
98849
31579
81622
18711
50832
64770
85922
55223
61167
94638
62702
41011
99836
71850
47801
67812
73731
60017
12108
95287
79052
73634
85832
49766
48469
97237
81238
45414
71349
68614
52960
94724
6789
87197
15227
82454
86105
23684
14135
1041
6298
11263
67564
48508
52876
4504
85726
43572
73047
80098
70442
50927
43998
86247
344
26665
72483
84245
36211
20835
74217
27471
57989
46598
93226
4879
20312
82980
63039
63396
7587
7859
97599
76895
40934
78079
8095
38157
41824
36551
56866
57045
27431
54022
73795
43642
74532
4942
26694
64179
67359
45044
2871
49734
50651
8475
33843
42992
35095
49037
64405
47838
51278
64647
87145
82484
9976
62695
37891
60760
89605
97112
14838
36849
6867
30893
98430
52890
68130
93563
33806
35802
49528
57207
43684
85396
15805
21206
2522
20079
29968
35780
85217
58599
89181
52986
98508
38611
32352
72977
36521
35393
49625
75566
65000
71609
54853
801
76697
78791
38721
26483
98650
37590
4534
12063
63653
14507
1087
39169
73168
40490
25742
97281
27357
77161
27771
36767
76769
22837
25696
51486
37309
68326
25141
84786
49693
80426
80016
33380
1370
17770
34893
72683
47807
56369
20646
52221
73293
85909
30461
22499
66581
81375
22633
1215
35331
24281
4227
55856
78009
7306
61422
5217
7213
70583
40852
14628
75338
75893
63119
40984
46364
63186
75702
87160
50223
18264
12896
34995
61060
67651
41441
23277
68603
82766
53470
49554
5629
59623
58285
89965
85324
97344
38265
83352
45985
44618
80731
57671
14668
51599
53632
55351
59009
54473
15452
7774
35522
43521
73709
83869
51354
7670
93941
19033
45869
74652
98673
75744
43737
31144
43907
32201
74795
3711
79386
19651
34257
36031
56175
88727
75117
74331
25411
31103
93148
71737
88547
90234
67050
98753
55776
80549
86740
50827
9523
76593
19354
34305
29676
65882
89391
59856
32176
28353
2906
10707
41491
52485
31716
14275
33802
33632
83576
48056
14657
44074
69140
97864
32608
44356
8601
16463
67202
55139
72728
97140
2652
16228
2039
28753
55343
3151
47111
23639
50273
75351
6080
72455
5033
46979
88552
13805
41391
41033
6003
68274
1224
84931
56738
49599
63842
17970
58035
31332
85218
29669
63923
19227
79555
23126
92629
10552
14683
82150
82522
3733
48548
86712
11093
96365
50936
93738
69413
73645
22345
1459
17060
13626
20801
96460
74979
74919
35173
74663
81805
19949
76163
81427
90563
72853
63242
42924
4693
16043
60233
89749
67060
12302
88578
94357
41992
31380
22359
57621
21898
80015
42352
58835
87531
89847
96393
40799
97603
59210
16182
79749
2115
78529
18293
7405
56625
95454
86448
8334
19161
45586
23660
60122
72938
22383
10853
57161
64114
64616
26756
90290
35793
13874
69575
30047
53833
14213
1549
13405
91721
62994
19973
95286
6732
38294
79095
7530
50731
5730
20422
94367
25360
6718
92670
77732
23670
81058
63907
22816
83134
25024
53919
19175
21790
32840
25448
25080
68776
45130
88875
5390
35840
9487
58609
77602
66458
222
51540
75948
40709
59758
35451
5003
49532
39501
28109
88173
99611
91328
69896
73389
29107
91811
69470
77413
90266
52986
83972
83108
5049
59646
11736
62437
45143
70230
63018
4730
83273
89075
11763
71220
33834
2
75775
89728
50965
75396
16043
29813
52704
60288
88562
23523
33553
1408
62571
21119
29591
33752
1684
52797
6930
39790
44900
52335
64684
74704
2574
94563
12253
95219
22482
22644
35993
56286
48237
82739
31152
84635
40886
71960
15951
88479
81683
50604
26158
27927
17828
15217
79384
98984
37265
3718
71662
90880
65994
74598
70669
66109
97983
78711
11582
18888
35169
12731
21744
60484
59540
78778
4144
44592
40889
13688
35428
83396
71991
49885
21152
12330
51328
29101
9086
83818
29795
31396
43193
37322
29458
31646
86433
42567
96202
30724
62694
31475
84100
34349
63275
52091
58772
14875
87906
68220
23987
98345
13618
40208
15338
9600
6803
71619
94906
44607
35195
38787
26053
73032
68705
84014
88608
77554
71849
78467
40637
54211
15025
64584
62047
48543
79128
29742
81302
83891
53879
52507
81768
23781
8826
14591
98533
20117
6472
8631
62451
21952
87579
96653
37745
39377
33658
60060
34828
56827
28553
67592
61641
87584
37609
33357
73332
14886
36791
83418
17916
76053
59495
42641
94332
25532
30057
84035
13961
63212
97141
89299
89478
75721
96933
53123
15641
64578
17194
90892
71852
46077
80047
74101
16034
59903
50431
41729
21093
46461
50288
67959
45697
39849
21862
87615
78150
58761
30286
96231
63797
97607
20241
64344
53586
30889
36269
23551
6931
87025
51380
33318
67589
28998
62270
14430
9586
25676
51596
31096
5254
33580
90033
86327
58953
21082
44971
36434
31428
94643
39475
35139
62178
89668
17667
66892
66513
43095
54764
55664
74946
59030
86749
75673
38031
90431
56526
32325
12498
78386
36579
42216
10837
94310
77027
4580
77293
33277
69968
93298
97377
50558
20461
54272
74132
55912
37844
97347
64498
62540
1106
16425
57179
14297
99986
45152
87020
53646
79568
28089
88064
30495
64854
5578
29309
64726
79034
42391
61106
73520
86394
31097
81779
15413
27207
59820
48002
56817
55288
23757
35293
55564
52080
77363
96460
4126
46421
47370
32385
89155
17756
73872
45907
15656
89757
5943
18608
42430
95493
41928
94122
8496
20842
34032
14002
34520
74467
45891
65859
89653
13876
1011
99828
15074
51414
47507
81846
81585
1975
7177
29397
87513
40417
58259
89699
53855
52390
20929
35817
12439
70740
63860
57967
89953
45479
23164
8396
98950
1181
76653
60566
78248
7959
80823
90121
58416
96163
60316
60169
81200
42979
8966
55937
31863
44048
39899
28337
3580
67532
38990
28519
44171
66239
41247
55070
80974
99484
85594
80885
96589
83350
7542
2849
36411
37
839
24664
42150
52134
39291
47991
80660
78882
55530
45433
18075
47143
59586
95486
26123
78835
98327
55865
22292
69021
82514
95812
74452
53565
67349
43220
21010
18954
6953
68037
66295
13468
17210
47497
96936
4147
23862
26330
66456
29249
20023
16726
1999
20986
22175
44973
86107
60530
11292
55632
88384
10785
71797
88979
43209
35281
53769
14609
96587
87614
74345
20967
1911
97064
50433
38128
83909
21313
93885
15515
96736
55717
91402
95451
86701
24075
89647
86417
68620
17244
61669
24690
22263
6496
8986
9230
46613
61465
2829
23755
68232
1671
27797
67157
92386
312
84376
14765
41143
75272
15046
56076
16253
45040
4145
25750
80213
28655
22635
66072
18506
51083
33128
68768
60665
6424
5939
48833
91365
77008
5802
10512
44010
37754
79681
88293
74880
14220
63076
59388
57607
61346
14460
48665
70904
85434
48139
74763
56877
33447
37501
40746
49376
72636
52108
94835
25378
19026
58013
40096
13415
55804
31580
95607
81438
29523
79164
83534
10673
9943
27885
8688
93729
20755
17717
95128
56267
93825
15128
46897
78266
40387
10032
64827
92316
88588
77429
55050
51352
36102
32316
20931
22690
2024
46171
42463
90961
97863
82980
1314
29412
49477
15454
59717
76811
90340
3700
52164
70483
34098
10540
66800
48318
21115
57214
9391
32589
39847
26604
34830
38904
65578
31639
78998
1055
11771
43971
98136
56785
49672
64555
15518
10845
43586
61773
58834
42329
22064
5173
65969
49273
21344
64260
54313
8777
92120
35108
37606
4185
69012
82088
14071
22421
7126
73059
55510
1716
33838
61284
79648
2418
18267
54883
34173
57968
63855
30566
2288
78866
92303
64634
58046
65370
38628
62584
15547
25129
27519
74220
74342
54266
86190
34258
78835
39322
81035
123
86117
31130
39884
53352
8248
35905
30569
95764
9083
43126
75779
51731
94673
24962
15159
72341
23436
52223
61035
85369
8272
40673
28459
11761
81748
67670
6904
96999
42623
84662
70078
94954
25867
2529
524
2070
48754
84676
43353
95747
30557
80199
36559
89908
26159
74645
17701
6775
31665
18515
33562
17817
58271
75388
64601
12574
64187
92231
17543
71147
41441
69053
62601
65245
72365
86231
60280
55609
21323
73505
62736
14074
29771
46256
74027
74836
22510
54041
22118
55777
91891
75530
47589
32337
8271
93001
89572
63283
78944
19149
67991
16341
30419
86475
92737
5164
9374
48896
5178
10992
27069
39272
34286
84286
63021
3704
95570
19977
94977
6663
88150
59813
98353
71881
26215
15452
34388
11850
16805
41759
96571
18114
51837
80808
81782
74705
4559
65466
91606
82682
42242
75784
73652
52186
16574
64130
27126
42250
92859
5241
85209
72974
61217
37706
17780
91865
88894
26837
83815
90760
60952
53016
82545
95061
34141
87096
56198
53529
72170
34405
83428
97786
94055
66991
28309
53857
76118
37976
65559
65574
19257
89671
23595
56608
12658
61215
85063
90476
9639
42672
68530
11199
88616
31138
35949
14462
26543
77519
29097
60650
14621
69757
48056
80577
13598
16444
69287
71263
85022
62040
25238
36439
39016
41886
48260
30791
64662
69569
40120
83050
74287
24179
89895
92034
9160
95098
92745
90835
38939
93603
59007
69379
62093
15542
35822
22796
18893
32727
30220
51666
42667
56204
33809
309
69923
6497
39731
37820
10743
72278
88024
90899
2830
35671
44962
12501
12484
62873
48342
78762
93048
43482
51405
44786
78548
65848
61536
56276
25598
52491
44468
1667
80502
63264
16046
87154
16941
92702
60389
8100
45746
86100
74204
52010
58612
26779
9426
2161
15222
40370
86021
25900
62496
90428
27026
49702
16551
52026
35342
87961
94792
99149
74135
79021
27163
71099
63953
47846
7099
68406
86526
49569
27697
26251
88523
88205
50925
69985
35953
45365
47144
23114
39295
16361
39489
56598
74462
9223
34016
13643
4739
31590
93776
518
14592
39466
53992
44111
23886
36293
96909
62893
90105
96846
92334
97461
40747
54569
54013
98760
85111
4075
15774
15562
65517
84979
83806
24406
28206
83246
59515
10245
67691
61285
56234
29990
69856
84923
89662
72708
59548
21401
37279
98806
15717
55554
50330
93119
90010
2985
3847
49156
36524
62092
73871
9318
27001
97509
56164
16108
85974
38020
41269
14090
73564
43176
45142
44775
72551
49819
21867
32814
31186
66639
3958
44397
72318
26247
34681
59989
14586
8619
37234
12539
43827
80285
85325
75952
95640
43568
35752
75050
57268
22124
24231
9408
93919
81554
53264
98996
74200
41083
25878
13750
33170
51184
86985
76287
43095
98889
24683
92775
98624
64507
40072
16463
39498
7941
34803
58903
55500
31713
37969
98132
4559
43202
94816
12331
83867
84170
19649
94909
21803
26051
29641
63330
46884
1457
99469
66984
35600
69759
81061
45389
35483
62145
9675
83467
13833
35746
98239
74123
73368
40959
66851
9086
50176
15982
65729
25694
92284
44151
14084
52577
34759
88908
55574
21846
3683
10629
8343
48467
81234
30931
81172
91535
99917
4591
80495
23493
8468
83832
26576
30864
65195
62202
41617
83192
41669
40988
50425
50792
94606
20096
66351
9882
33541
79245
1586
99320
1351
69687
22138
97272
79574
17819
20478
28480
16995
4871
14151
14602
588
24518
46070
62872
32078
66219
87797
20532
58426
78624
18101
25643
35333
77227
20806
56966
33017
5450
74427
65612
78006
27845
24740
53549
52806
67789
91144
11360
42846
25900
85380
72137
45915
58107
89116
14815
2759
80789
55279
92561
63284
67603
72342
59076
75985
74336
96189
99965
86716
52679
53581
70914
80618
81366
92096
70281
7147
16980
6125
53399
75611
27314
3613
77694
38633
47873
4377
13915
86663
77267
67554
61294
31387
14259
63483
14296
98101
40120
99214
9815
86753
93556
16583
6626
62092
66417
44721
60109
94924
28641
30717
83287
77544
43036
4707
5306
30240
6544
61707
7705
83398
5722
66155
86052
53102
57559
23064
10757
19366
33118
33710
37308
12715
12258
67087
67399
44806
48877
73098
74210
33484
16669
20732
59181
60561
26469
19290
95551
4117
14687
47849
25994
8445
97838
65650
1622
73030
38192
88354
28058
9592
65012
7163
1031
76555
56297
92613
30657
39612
42907
66792
46252
36372
73789
47335
6417
92900
75686
63236
52837
92068
26873
55961
97801
82058
64418
34770
18901
79219
37709
58585
32086
80156
65050
15594
35234
57312
95495
70127
18360
70370
93430
56711
86495
87337
98633
11939
31864
29123
76060
7975
71335
31656
71810
60157
90993
28371
66583
92009
62547
77408
49516
74085
92273
49155
15287
16266
19335
94236
65333
1086
76098
43029
90748
89617
96675
9507
16636
31114
81474
35529
36006
19847
50495
65206
5968
97719
87327
33256
62650
63569
66294
53474
50514
5438
51769
95643
49120
61552
5745
50530
76160
82852
52199
83198
98949
24413
18395
67605
80488
55393
71373
68211
53680
76387
35286
22239
98801
84990
3763
76863
14155
93635
13771
76970
62274
97135
84497
71595
47853
19057
31356
66987
90899
15207
92379
31217
90566
18439
18593
11148
73753
77135
96421
74646
3793
20059
5619
84700
54285
80342
76683
75262
83080
40329
55743
43374
8827
19856
38505
94650
13084
51551
13463
19661
69759
47682
7545
21086
13169
869
95388
65044
15004
62910
52913
38597
89979
29197
12899
57542
16452
23185
11008
98451
74590
3443
938
72400
30447
30896
31994
69988
22324
92288
99734
53476
13269
28480
99200
99946
71322
62077
40275
14405
15595
18248
32240
56186
49660
54344
45482
34378
12524
81416
70702
88410
24078
3655
45596
69773
61762
75987
76526
97690
75570
37835
10958
15718
41908
37807
86633
51476
30344
43179
48823
71278
6676
11355
79927
232
94036
17922
93300
17599
93203
56408
77910
23252
37317
53567
36247
15076
70768
25578
24938
32384
81789
17849
34017
46223
64100
42870
27031
11127
42936
17214
80963
9010
37436
13872
90541
74196
98973
19055
69236
96091
80633
48771
68020
25027
23009
23930
86241
55682
65628
64759
94065
82528
92236
37729
50603
30625
78864
35331
99085
497
27902
23981
50050
57451
26881
56636
36464
44372
34714
98517
33054
96464
60812
41399
79363
61001
94432
97412
99892
33652
50612
71475
68521
83746
81598
15519
38398
34988
59585
51980
65062
69135
46241
3923
2950
83353
85858
34255
32821
82875
25519
92625
23313
93033
29323
18338
38892
95991
47930
64973
58066
23264
28629
83210
37030
24100
43822
80699
72790
56100
43657
94648
51457
14704
70964
42539
32432
17524
30191
21377
84187
40561
43458
5413
50752
39886
66456
66099
99628
4512
37661
79752
35874
72458
69070
10157
65123
89096
47705
18344
64600
70967
87046
81854
12963
28632
45410
9906
16652
11046
64240
90146
61903
91327
542
610
79631
65239
62191
28900
95885
87245
80283
54931
4047
37836
88664
45589
89970
24391
72759
98762
60108
22331
16514
2394
42678
89650
36278
493
16652
39663
8935
19993
84722
94987
96855
27011
62648
70088
14883
45666
46962
83699
26870
79852
89325
5180
39626
44477
32975
34904
89266
16465
67488
83747
60336
44021
16676
36188
18391
13574
90167
81298
7702
84087
77317
3031
88806
83656
71207
46528
1663
49350
22856
18974
542
97705
58280
1118
86802
6625
28721
3332
44795
58893
41035
43125
58834
15625
9681
83023
61724
26764
21144
30440
31752
99228
27941
75430
19983
43209
38056
45054
38002
48561
77793
70438
91459
95863
46241
74821
96400
14462
22986
45053
96984
44350
37816
64949
68122
31374
67738
90504
38109
68846
27301
72009
67550
91581
1052
50283
47155
87600
81437
43804
37715
41885
56182
22664
95595
70568
69296
20944
86351
10845
57185
70569
70736
73043
855
67877
30232
94087
959
33375
29984
82750
93013
23298
79401
61925
6077
93937
17625
2591
78225
74843
85513
9349
81677
35218
86192
61904
14493
7817
13865
24398
50162
36117
60039
67167
28867
6073
86569
98679
43363
20191
80194
51906
43183
65450
79781
79708
50553
43755
10086
33965
8358
41111
18969
42016
92567
51101
77619
19038
79773
61112
9340
3253
29157
22192
15862
40073
25935
84011
25158
38472
28672
74475
33828
75305
61611
44711
16877
46871
83777
50513
94462
46789
88287
71071
21017
6703
21517
19498
61913
12541
95367
89795
2036
12124
77875
41500
74896
87311
90158
77274
14473
82151
94511
86896
42196
82172
68787
24780
23308
21500
96810
41898
11315
78096
98944
71353
92506
63189
39835
38823
85032
14295
21764
15661
61784
67788
5156
43199
25806
88855
35451
28536
19398
62967
36203
9461
14696
31315
58161
79367
69057
68212
57355
95921
61546
20361
12344
28711
95032
77389
53474
96110
38506
51384
41455
62110
86535
61930
29940
7012
51432
8518
91418
86279
47215
92855
32211
77199
54258
84045
66247
44181
40638
82506
93059
49589
1364
44593
24567
15403
53358
77660
12394
85576
22805
50237
68004
63494
37511
14988
92390
95068
49409
93011
62801
52128
8258
15698
10201
2412
55620
94579
82180
26925
67719
92318
4590
11984
97695
81232
43463
54499
46829
60770
75718
12076
92251
75729
90500
93744
57519
98289
94656
93025
3575
50527
32401
18406
39951
81804
68283
10567
4187
85550
72090
63456
15363
84028
39225
15481
5173
65886
69566
65217
33468
77037
80986
77266
37679
38502
71704
9157
93204
67307
23427
73060
16417
15445
78974
19409
99924
12709
15416
87287
39685
81112
29007
51613
24687
8525
77661
36812
64226
20229
47628
88135
52840
28048
7799
20176
18039
78012
95007
95226
77164
32549
69633
20756
36932
26687
87337
83905
43680
37995
19868
72538
42341
89198
46581
46932
90373
81925
6614
34312
19301
47796
86777
76368
76212
61416
2547
21473
78716
18378
15397
61091
97305
22826
96916
39562
32316
60402
17696
4416
86230
49806
19887
86294
34945
87364
58698
65211
85671
59162
53577
94573
37292
98361
104
75875
74856
1710
64567
11888
19235
87118
22230
52348
60872
93192
94027
80302
96412
89412
72091
33280
4499
45591
89681
63324
24032
44963
95247
97374
64432
6946
37142
71596
48110
40544
46848
45043
5751
20019
84190
57338
19471
63009
72283
22857
90103
83447
88522
8913
19258
97599
85656
60194
74263
97342
73271
47078
20212
63921
56590
96
56011
94021
91298
76232
60182
75784
74172
79114
97161
35298
92415
88461
24681
25877
17836
22803
66842
94761
92454
54746
45126
88075
95947
94884
7935
21182
11294
62943
1949
99449
70818
35519
3835
62495
50236
25809
54354
71259
50135
10967
2008
53829
61228
59942
53298
33353
94859
54654
38470
58016
40735
27124
98998
10908
13998
20082
93476
9718
37136
14855
83666
26482
85700
63535
96325
12765
92804
99832
10909
12695
9823
57733
63561
37749
90144
11012
43515
69561
62918
55857
73053
49013
31209
38651
57556
28735
89585
23613
43149
66580
12222
80974
14092
84910
62819
85153
47678
4737
56519
73504
60133
3543
73642
25152
32810
2172
44022
31129
3520
16722
79006
71265
11052
42321
53155
90957
82692
79329
66654
10759
85822
42867
58728
9155
73613
21057
94657
44134
44982
68865
91467
85960
88714
84543
47603
41557
10322
1077
52453
72840
403
93901
18203
10001
19632
38502
78142
12379
9630
87521
56577
81592
82800
77127
482
6637
24568
59024
56898
14147
12095
44992
56539
97132
65975
28573
72921
1811
27701
97257
6133
65707
55219
92540
79822
28453
32473
76004
34233
88496
68851
61371
28680
63536
2198
54802
72714
8346
70580
36991
4677
58852
51219
58437
36831
42764
10927
42584
30748
57634
43324
43095
76470
46552
12920
71185
47336
50117
74575
70329
52406
40374
61871
94696
90712
74570
24483
8299
66190
71546
56153
37051
54872
39426
67528
71342
99228
98611
34266
72112
77302
52295
13351
91708
54156
47486
88785
89257
38830
66797
6366
47895
10689
24132
29249
28048
17455
17095
8272
35035
93220
98440
59907
69184
33982
44777
42807
70807
46056
29296
52071
98279
21285
89357
34813
91760
84247
93855
50293
78963
93868
54304
12791
43972
39165
12625
18056
4646
12820
70083
47649
16053
11123
8414
13092
39765
48885
16491
69156
45243
97374
91290
35196
9633
57354
51190
59179
6711
89830
91093
75540
27159
10452
17720
10288
69624
61910
63778
48294
96673
85716
43906
4104
50744
60204
47932
52146
35423
65567
5359
6905
80684
10467
70582
90061
38333
55420
15074
10236
56161
27655
45923
86527
88036
4213
29792
33585
52278
2690
8253
1823
32938
8888
8443
43604
54857
12270
48069
46031
71937
41570
22372
53184
93723
97806
85306
57430
94250
22070
7466
76308
41537
25065
4304
107
273
64344
48276
38724
53552
95396
38034
52981
53461
89249
55842
58136
94687
95623
28544
23702
68544
799
28234
44558
12108
4194
75903
3939
96091
79328
38543
38457
97435
21583
76173
11776
73202
25286
98532
34368
69407
314
61071
1740
61743
62230
53115
62648
99082
45754
56210
96287
59094
41252
44005
86283
86775
91167
82102
42271
51745
76756
27615
67681
96346
71625
57242
7774
26055
25202
36132
67100
69108
63926
59441
55911
50687
20884
45801
11694
3285
30551
36529
55002
71810
40738
92657
7079
62084
51931
55092
52017
19517
57060
88044
42327
46751
82344
97121
61175
87453
17368
74082
59920
96821
26039
71803
8701
36264
45285
14967
95931
99186
66483
91830
92829
89407
33380
76508
41354
90340
10953
83504
58168
24771
22136
82166
97761
30426
42753
23214
98186
60267
26768
90479
70389
69719
27356
88319
51649
86073
7696
43130
82833
3306
46692
8217
67647
39093
68545
81572
1199
31017
36410
8465
64204
43527
15617
5114
2749
263
48648
94502
12084
15550
99376
93438
78985
17809
45078
98948
60997
59032
21406
97991
46223
64957
1731
6551
19425
68054
21295
61444
14566
65949
69425
92400
51417
80342
89867
4084
53854
2384
7616
24856
98109
5399
33406
90109
56924
193
26800
7079
50548
83139
93443
41509
74062
59897
12867
75029
19627
10170
94008
94303
24171
86946
66235
20791
82768
61208
76563
45536
37145
44744
29617
43016
63176
83127
60402
25203
72757
56090
74936
66129
63873
30065
44709
48730
15653
18338
28456
25930
63430
90709
84733
17521
1410
47467
15119
11348
1090
7526
84663
47781
67081
29978
93182
32481
53939
53
66308
93157
57424
53941
7488
77456
18899
95162
9123
93387
83971
49749
56427
1812
44156
40685
20380
96915
35344
15616
45457
53701
83387
24586
38048
94956
3544
20302
40230
4323
53926
28277
2114
91130
74442
7665
46378
7667
9788
93017
140
62754
71972
10220
84147
69504
64977
83135
21774
9684
78472
45438
46943
40327
81675
7219
67346
77944
44670
32256
54972
77027
78512
49955
6374
67552
92917
61974
49664
49028
67137
37151
92761
646
73632
73504
99199
14815
73430
68747
61533
3165
58971
28991
86269
16215
64179
31257
20759
55327
82013
95054
28872
69889
753
46922
39850
49336
60901
12698
88590
49670
77591
38650
15380
46107
55661
83483
53832
84018
27405
28209
64711
29946
63601
4308
13700
98915
55164
1207
77566
71018
55518
24300
17452
46224
19396
68312
27896
84161
41493
30836
6534
31471
24529
53928
66229
56688
16397
94097
13776
95938
70459
38109
75080
36506
3894
34977
19947
64841
95382
99204
40797
94023
54132
65301
34833
19379
19663
66801
73639
78754
38987
54874
76566
10601
5226
58173
63714
24607
16591
78400
4995
47690
2954
76647
19299
73355
88310
67738
18840
76309
64233
35333
58084
39126
29217
50591
36563
80429
26569
12719
22625
38971
14965
52062
95793
26189
11741
88249
85073
22244
65825
38345
8742
32927
11658
13961
13831
34090
37924
38842
47509
52781
99600
11576
86653
19882
45920
23909
92667
20531
31961
86326
29591
10341
26799
48759
78715
29494
21801
98306
5696
7925
44085
88122
91091
71999
82182
72020
26761
24340
16193
96639
8831
74423
24901
66479
49381
16604
7082
69350
93502
69937
40623
35614
90720
92145
55170
73155
86782
84883
49693
40480
84442
29048
33772
59183
1697
17635
99672
43323
32230
34772
78166
90010
85740
6846
45549
90636
36895
4947
86093
23242
33380
24314
22027
71283
46148
11173
94611
99184
25153
12437
3207
32776
5187
81702
43727
73662
7768
73721
68608
11757
21124
92748
45707
4944
15176
55561
52188
45928
30747
64735
75709
27428
75700
85738
64746
34491
51126
75695
54849
69910
20026
43901
11649
41659
25317
43738
9586
51595
25304
37665
73020
29347
69362
65430
43447
27053
97508
33559
30117
97980
85932
98730
72154
36266
31634
96539
60799
49395
4859
84765
69382
14880
8735
79400
51759
48183
41399
98838
46999
69701
58652
46568
3233
96052
5201
47769
59192
46641
13134
75378
75402
86058
59075
41634
86160
53388
70021
37649
29327
54032
266
96840
79531
63910
63331
216
50250
88050
28092
20523
21085
65034
57757
5870
30546
47242
31191
93717
90035
15457
73758
1803
15070
13177
49875
47092
26200
88450
48779
6591
34039
60498
76810
90870
43978
97135
15196
30104
29266
51025
55735
90716
19469
69315
81766
83790
41582
45982
4504
76876
91850
85558
88995
57659
26558
6428
92292
57980
33472
56202
44616
75202
28502
37473
44062
78833
6441
86650
64912
17601
94474
44976
69679
98063
16758
72042
8905
14167
60753
69323
51123
93858
13431
37208
63995
85792
16799
15238
93500
97557
38531
78450
19136
25543
49429
43809
8305
84122
14690
1719
54878
85584
70040
55955
52460
13587
68563
89589
25288
45935
59411
28807
35270
62665
6279
97167
42393
73373
89800
39840
44511
95828
97671
19615
75677
75352
97660
33953
76689
52702
33252
14282
50409
27861
70898
80908
37519
65693
31351
76367
1395
50006
53596
84799
23916
82149
21345
62902
28057
53724
41250
29149
5690
63808
3293
29358
78953
10012
22143
34747
9707
97076
722
38994
46678
96401
6618
21592
11242
86722
14035
92432
99734
46065
43678
55187
18022
32837
57869
96488
79679
43850
96405
29244
88815
4596
22419
15529
60215
4700
918
21674
17769
8118
58441
29645
91437
7540
39996
17582
52913
32619
41121
221
26751
63420
56186
228
53864
92787
17645
99454
84035
1550
44448
28576
45641
34148
54036
58244
25683
65264
65455
49928
52468
21412
13769
23693
17142
53111
71702
5181
24242
9556
9000
53626
88725
79653
71219
96321
13942
85828
60531
52720
41020
8107
96047
89559
19654
69571
50203
60817
88145
78381
19562
1872
94227
81280
32832
17537
6212
1240
97702
58384
80950
44881
27123
35844
13639
13911
81833
4078
57900
36996
29092
16196
50661
78259
53298
86296
34242
91088
23283
90368
2715
11146
43805
33423
96365
88537
39463
11297
9913
39070
50124
14159
85745
22069
36694
13594
27544
21571
4898
60756
38986
31352
40524
10235
51588
60253
58796
3350
37025
5730
13417
37041
19865
62611
90445
73001
72089
51179
22153
71246
82437
27145
4877
10786
61658
67357
11350
14610
49030
29688
72081
47230
69074
87697
86859
6952
22993
44008
62924
63840
92710
28790
92748
6788
69130
23153
2500
10807
808
89498
39671
76369
25837
94020
56168
13238
2079
38660
1437
16704
14257
17610
50426
20722
24707
58382
54834
60205
90047
32208
26843
69537
36342
33866
70437
45320
42461
63850
2266
46700
208
19342
70315
31516
60003
53750
58436
28015
91407
37524
68439
81841
88561
57226
75309
7853
75588
60814
37289
3168
76606
21512
25280
36978
71632
85216
53851
14613
35340
12974
52192
52485
21317
95374
86182
18535
35206
39182
1553
70600
49904
5517
51561
23144
90069
60606
57061
1377
87888
85339
653
733
2920
87823
56587
7632
68713
29671
5174
22546
38721
63132
50853
97965
74341
28934
81543
11806
58375
2528
53667
8342
40217
5134
12363
24917
12344
45354
6157
52453
87089
10161
18367
69743
85854
84119
64384
93975
52529
2113
70037
27071
43956
82001
27109
95441
6918
1859
77890
27223
55904
71689
98482
57289
41417
48079
31734
54139
65182
39492
59641
95352
72502
86584
9265
15800
52443
76914
83496
10534
49034
93545
17838
54695
33145
52514
91771
83817
81397
40517
33177
46719
59368
39427
12328
16795
77000
13686
18831
74015
60185
77513
27061
40189
27074
49612
58541
64896
43815
78759
43071
21307
73112
13164
70605
73480
26505
46387
49316
47738
75385
18106
39704
36036
32431
82243
7394
65020
75465
36773
5830
95850
42854
87039
34981
23747
51513
12235
3765
59954
86615
1303
14796
69033
76471
62468
7522
14962
42372
36597
95121
16744
82339
58748
60745
89883
36649
97793
39
8418
85994
73830
28616
93230
56552
11629
27998
61780
63494
12249
16644
56684
33794
94291
29767
50027
67524
50288
15994
53598
30226
57117
1484
18630
78643
97654
53798
8787
68696
21139
47746
24027
19275
24671
21841
94124
95920
12219
41828
25746
62566
64100
87731
18661
30944
25661
75502
15885
27603
11531
6042
79424
57624
39358
96200
34009
86539
58279
64166
89684
75058
19873
96815
5917
20814
75612
19899
17078
71196
66415
43884
41983
55308
95812
39980
29018
300
75451
78920
8540
72331
25081
72218
72794
77919
29873
59830
91629
67132
78743
8067
9899
5746
41848
84906
73886
27402
54226
59631
27215
1367
92052
82800
12974
72528
76428
83533
38449
39478
74565
50824
93153
56268
79524
52830
88494
64471
68425
61294
11609
69403
22156
25323
59017
22749
74820
68146
99230
75351
62328
36014
95951
24731
11858
17591
74191
84247
7348
12937
41899
63089
6815
82939
41769
79531
61973
2916
86164
85119
31432
35462
94629
44403
82374
54163
4727
45328
58203
49727
8823
96295
94201
19171
64498
80454
56700
16825
12180
54014
29008
48077
80007
95892
35209
10518
86439
54053
8601
75140
35942
73601
9733
65398
10686
23083
96395
96893
78183
66940
80141
98441
20083
79230
98457
85878
10401
16835
53599
38750
50568
17979
63624
21935
84341
33277
95817
99533
85578
10080
42627
8004
7265
5283
97910
31340
68743
15402
96690
84856
90666
59508
41371
60143
55529
57034
46658
63783
75880
50432
12964
23662
51435
86180
34836
53076
51194
45855
14256
44946
25446
26669
75566
228
81986
58511
44154
12045
24020
38551
60974
32198
28771
9934
39763
88855
8403
47301
34947
84657
30553
3684
11010
75988
5293
22025
59570
27835
64581
27251
76694
5820
67972
24546
59109
95246
11217
34872
32076
9922
11700
36420
1809
93005
20319
90711
